1.06625	1.06629	1.06706	1.06425	1261166400.0
1.06781	1.06687	1.06785	1.06641	1261353600.0
1.06689	1.06636	1.06737	1.06585	1261368000.0
1.06638	1.06284	1.06974	1.06123	1261382400.0
1.06283	1.05524	1.06346	1.05356	1261396800.0
1.05523	1.06189	1.06324	1.05514	1261411200.0
1.0619	1.0631	1.06335	1.06085	1261425600.0
1.06289	1.06234	1.06331	1.06131	1261440000.0
1.06236	1.0608	1.06269	1.06055	1261454400.0
1.06075	1.05667	1.06116	1.05642	1261468800.0
1.05666	1.05853	1.05956	1.05544	1261483200.0
1.05851	1.05448	1.06183	1.05407	1261497600.0
1.05449	1.05668	1.05859	1.05411	1261512000.0
1.05666	1.05672	1.05715	1.05525	1261526400.0
1.05673	1.05617	1.0576699999999999	1.05601	1261540800.0
1.05618	1.05548	1.05674	1.05377	1261555200.0
1.05546	1.0526	1.05559	1.04905	1261569600.0
1.05263	1.04774	1.05276	1.04696	1261584000.0
1.04772	1.04867	1.04915	1.04735	1261598400.0
1.04874	1.04825	1.04927	1.048	1261612800.0
1.04824	1.04819	1.04907	1.04794	1261627200.0
1.0482	1.04702	1.04898	1.04558	1261641600.0
1.04704	1.04776	1.04928	1.04475	1261656000.0
1.04777	1.04963	1.05049	1.04689	1261670400.0
1.048	1.04648	1.04997	1.04626	1261958400.0
1.04651	1.04682	1.04767	1.0456	1261972800.0
1.04683	1.04842	1.04962	1.04683	1261987200.0
1.04841	1.04589	1.04858	1.04439	1262001600.0
1.04588	1.04305	1.046	1.04173	1262016000.0
1.04304	1.04295	1.04333	1.04159	1262030400.0
1.04291	1.04412	1.04424	1.04233	1262044800.0
1.0441	1.04274	1.0442	1.04249	1262059200.0
1.04273	1.04042	1.04289	1.03979	1262073600.0
1.04043	1.03888	1.04138	1.03649	1262088000.0
1.03895	1.04138	1.0441	1.03878	1262102400.0
1.04139	1.04383	1.04415	1.04131	1262116800.0
1.04378	1.0462	1.04666	1.04345	1262131200.0
1.04621	1.04872	1.05151	1.04613	1262145600.0
1.04873	1.04728	1.04905	1.04629	1262160000.0
1.04729	1.05359	1.05764	1.04704	1262174400.0
1.05361	1.05421	1.05591	1.04969	1262188800.0
1.05418	1.05494	1.05585	1.05349	1262203200.0
1.05495	1.05157	1.05496	1.0507	1262217600.0
1.05155	1.04964	1.05374	1.04941	1262232000.0
1.04973	1.04814	1.05148	1.04742	1262246400.0
1.04813	1.04854	1.05216	1.04684	1262260800.0
1.04857	1.04563	1.0532	1.04563	1262275200.0
1.04687	1.04523	1.05165	1.04523	1262563200.0
1.04524	1.04683	1.04793	1.04505	1262577600.0
1.04684	1.03988	1.04876	1.03827	1262592000.0
1.03986	1.03953	1.04048	1.03704	1262606400.0
1.03961	1.04072	1.04149	1.03507	1262620800.0
1.04071	1.04165	1.04243	1.04035	1262635200.0
1.04162	1.03943	1.04197	1.03871	1262649600.0
