1.01807	1.01855	1.01872	1.01802	1658476800.0
1.01855	1.01851	1.0193699999999999	1.01845	1658478600.0
1.01851	1.01953	1.01954	1.01828	1658480400.0
1.01953	1.02088	1.02091	1.01909	1658482200.0
1.02086	1.01825	1.02135	1.01786	1658484000.0
1.01797	1.01383	1.01797	1.01299	1658485800.0
1.01387	1.01575	1.01591	1.01348	1658487600.0
1.01582	1.01532	1.0172	1.01497	1658489400.0
1.01532	1.01557	1.01682	1.01485	1658491200.0
1.01557	1.01598	1.0162	1.01433	1658493000.0
1.01597	1.01552	1.01602	1.01432	1658494800.0
1.0155	1.01726	1.01726	1.01521	1658496600.0
1.01726	1.01626	1.01727	1.01542	1658498400.0
1.01626	1.01761	1.01855	1.01572	1658500200.0
1.01761	1.01947	1.01966	1.01696	1658502000.0
1.01946	1.01874	1.01972	1.01781	1658503800.0
1.01874	1.01846	1.01964	1.01799	1658505600.0
1.01846	1.02337	1.02432	1.01813	1658507400.0
1.02338	1.02359	1.02553	1.02268	1658509200.0
1.0236	1.02302	1.024	1.02252	1658511000.0
1.023	1.02194	1.02343	1.02174	1658512800.0
1.02202	1.02269	1.02276	1.02141	1658514600.0
1.02269	1.02253	1.02269	1.02173	1658516400.0
1.02254	1.02319	1.02394	1.02231	1658518200.0
1.02321	1.02275	1.02377	1.02234	1658520000.0
1.02274	1.02237	1.02274	1.022	1658521800.0
1.02236	1.02045	1.02288	1.02029	1658523600.0
1.02046	1.01952	1.02089	1.01903	1658525400.0
1.01953	1.01987	1.02018	1.01919	1658527200.0
1.01986	1.02122	1.0213	1.0196	1658529000.0
1.02123	1.02111	1.02123	1.02063	1658530800.0
1.02108	1.02109	1.02158	1.02091	1658532600.0
1.02116	1.02156	1.02168	1.02093	1658707200.0
1.02141	1.02159	1.02169	1.02141	1658709000.0
1.02132	1.02157	1.02187	1.02104	1658710800.0
1.02156	1.02123	1.02163	1.02115	1658712600.0
1.02123	1.02026	1.02138	1.02024	1658714400.0
1.02026	1.01992	1.02056	1.01988	1658716200.0
1.01993	1.01941	1.02036	1.01914	1658718000.0
1.01944	1.01822	1.01944	1.01821	1658719800.0
1.01821	1.01882	1.01925	1.01809	1658721600.0
1.01882	1.01998	1.0202	1.01856	1658723400.0
1.01998	1.02038	1.02086	1.01977	1658725200.0
1.02039	1.02112	1.02131	1.02024	1658727000.0
1.02112	1.02078	1.02122	1.02071	1658728800.0
1.02077	1.02071	1.02115	1.0206	1658730600.0
1.02071	1.02106	1.02116	1.02067	1658732400.0
1.02106	1.02073	1.02114	1.02039	1658734200.0
1.02074	1.02012	1.02097	1.01957	1658736000.0
1.02012	1.01989	1.02018	1.0195	1658737800.0
1.01989	1.01952	1.02048	1.01952	1658739600.0
1.01949	1.01966	1.02089	1.01932	1658741400.0
1.01967	1.0202	1.02222	1.01859	1658743200.0
1.0202	1.01928	1.02077	1.01903	1658745000.0
1.01928	1.02016	1.02116	1.01785	1658746800.0
1.02017	1.02222	1.02288	1.02013	1658748600.0
1.02219	1.02422	1.02543	1.02198	1658750400.0
1.0242	1.02428	1.0249	1.0238	1658752200.0
1.02428	1.02221	1.02433	1.02203	1658754000.0
1.02221	1.02348	1.02348	1.02146	1658755800.0
0.99819	0.99823	0.99835	0.99793	1663207200.0
0.99823	0.99818	0.9983	0.99812	1663209000.0
0.99818	0.99765	0.99821	0.99722	1663210800.0
0.99765	0.99758	0.99772	0.99716	1663212600.0
0.99756	0.99748	0.9976	0.99704	1663214400.0
0.99756	0.99809	0.99818	0.9972	1663216200.0
0.99812	0.9975	0.99825	0.99689	1663218000.0
0.9975	0.99738	0.99778	0.99728	1663219800.0
0.99737	0.99722	0.99741	0.99693	1663221600.0
0.99723	0.99741	0.99761	0.99708	1663223400.0
0.99741	0.99732	0.99754	0.99702	1663225200.0
0.99732	0.99679	0.99747	0.99662	1663227000.0
0.99679	0.99627	0.99686	0.99622	1663228800.0
0.99625	0.99623	0.99651	0.99591	1663230600.0
0.99622	0.99632	0.99682	0.99556	1663232400.0
0.99632	0.99627	0.99658	0.99586	1663234200.0
0.9962	0.99683	0.99702	0.99564	1663236000.0
0.99683	0.99774	0.99789	0.99682	1663237800.0
0.99775	0.99824	0.99857	0.99743	1663239600.0
0.99824	0.99924	0.99956	0.99797	1663241400.0
0.99924	0.99915	0.99933	0.99848	1663243200.0
0.99913	0.99944	1.00007	0.99894	1663245000.0
0.99944	0.99847	0.99963	0.99838	1663246800.0
0.99847	0.99798	0.99847	0.99691	1663248600.0
0.99795	0.99863	0.99866	0.99716	1663250400.0
0.99859	0.99849	0.99939	0.99823	1663252200.0
0.9985	0.99809	0.99932	0.99803	1663254000.0
0.99809	1.00078	1.00181	0.99777	1663255800.0
1.00079	0.99851	1.00138	0.99833	1663257600.0
0.99851	0.9999	1.00025	0.99815	1663259400.0
0.99988	0.99876	1.00048	0.99871	1663261200.0
0.99876	0.99968	1.00004	0.99833	1663263000.0
0.99962	0.99932	1.00046	0.999	1663264800.0
0.99934	0.99907	0.99974	0.99873	1663266600.0
0.99907	0.99968	1.00014	0.99877	1663268400.0
0.99968	1.00057	1.00066	0.99948	1663270200.0
1.00058	1.00093	1.00155	1.00057	1663272000.0
1.00091	0.99977	1.00107	0.99933	1663273800.0
0.99978	0.99975	0.99979	0.9991	1663275600.0
0.99975	0.99924	0.99999	0.99923	1663277400.0
0.99924	0.99924	0.9995	0.99879	1663279200.0
0.99922	0.99947	0.99997	0.99913	1663281000.0
0.99946	0.99981	0.99989	0.99944	1663282800.0
0.99981	0.99966	0.99999	0.99939	1663284600.0
0.99975	0.99934	0.99995	0.99907	1663286400.0
0.99934	0.9994	0.99969	0.99934	1663288200.0
0.9994	0.99949	0.9997	0.99891	1663290000.0
0.99949	0.99933	0.99953	0.99905	1663291800.0
0.99934	0.99884	0.99934	0.99881	1663293600.0
0.99883	0.99876	0.99901	0.9987	1663295400.0
0.99876	1.00001	1.00027	0.99858	1663297200.0
1.00001	1.00059	1.00108	0.99983	1663299000.0
1.00056	1.00066	1.00121	1.00052	1663300800.0
1.00066	0.99982	1.00091	0.99976	1663302600.0
0.99979	0.99916	1.00001	0.9991	1663304400.0
0.99916	0.99945	0.99956	0.99912	1663306200.0
0.99945	1.00004	1.00005	0.9993	1663308000.0
1.00004	0.99974	1.00029	0.9995	1663309800.0
0.99975	0.9998	1.00021	0.99966	1663311600.0
0.99973	0.99957	1.00017	0.99955	1663313400.0
