1.17203	1.17264	1.17283	1.17187	1628602200.0
1.17264	1.17234	1.17275	1.1721300000000001	1628604000.0
1.17233	1.1722299999999999	1.17238	1.17178	1628605800.0
1.17224	1.17216	1.17228	1.17192	1628607600.0
1.17216	1.17161	1.17251	1.17161	1628609400.0
1.17161	1.17148	1.17202	1.1713	1628611200.0
1.17148	1.17163	1.17182	1.17107	1628613000.0
1.17163	1.1715	1.1722	1.17098	1628614800.0
1.1715	1.17196	1.17202	1.17104	1628616600.0
1.17193	1.17212	1.17246	1.17173	1628618400.0
1.17212	1.17204	1.17239	1.17177	1628620200.0
1.17205	1.17202	1.1722	1.17158	1628622000.0
1.17202	1.17157	1.1721	1.17155	1628623800.0
1.17157	1.17158	1.17181	1.17143	1628625600.0
1.17158	1.17185	1.17193	1.17149	1628627400.0
1.1718600000000001	1.17219	1.1722	1.17175	1628629200.0
1.17219	1.17224	1.17235	1.17206	1628631000.0
1.1722299999999999	1.17205	1.17224	1.17205	1628632800.0
1.17205	1.1718600000000001	1.17205	1.17175	1628634600.0
1.17188	1.1718899999999999	1.17196	1.17173	1628636400.0
1.1719	1.17203	1.17208	1.17168	1628638200.0
1.17184	1.17199	1.17199	1.1716	1628640000.0
1.17199	1.17202	1.17205	1.17184	1628641800.0
1.17204	1.1719	1.1722299999999999	1.1718899999999999	1628643600.0
1.17193	1.17215	1.17217	1.1718899999999999	1628645400.0
1.17217	1.17202	1.17222	1.17199	1628647200.0
1.17202	1.17196	1.17217	1.17193	1628649000.0
1.17197	1.17166	1.17199	1.17154	1628650800.0
1.17166	1.17131	1.17173	1.17131	1628652600.0
1.1713	1.1718899999999999	1.17191	1.1712	1628654400.0
1.1718899999999999	1.17211	1.1721300000000001	1.17181	1628656200.0
1.17211	1.17237	1.17248	1.17197	1628658000.0
1.17235	1.17252	1.17254	1.17229	1628659800.0
1.17252	1.1721	1.17254	1.1721	1628661600.0
1.1721	1.17187	1.17218	1.1718	1628663400.0
1.17185	1.17195	1.17201	1.17179	1628665200.0
1.17195	1.1718	1.17205	1.17171	1628667000.0
1.17181	1.17206	1.1721300000000001	1.17175	1628668800.0
1.17206	1.17176	1.17211	1.17154	1628670600.0
1.17176	1.17112	1.17177	1.1710099999999999	1628672400.0
1.17112	1.17095	1.1715200000000001	1.17075	1628674200.0
1.17095	1.17094	1.17127	1.17061	1628676000.0
1.17094	1.17127	1.17147	1.17068	1628677800.0
1.17127	1.17146	1.17184	1.17114	1628679600.0
1.17146	1.1712500000000001	1.17151	1.1709100000000001	1628681400.0
1.1712500000000001	1.17119	1.17165	1.17117	1628683200.0
1.17119	1.17105	1.17158	1.17097	1628685000.0
1.17105	1.17108	1.17118	1.17085	1628686800.0
1.17108	1.17145	1.17169	1.17103	1628688600.0
1.17145	1.1713	1.1716199999999999	1.17098	1628690400.0
1.1713	1.17155	1.17177	1.1712	1628692200.0
1.17155	1.17176	1.1721	1.17132	1628694000.0
1.17176	1.1736900000000001	1.17495	1.17175	1628695800.0
1.1736900000000001	1.17404	1.17421	1.17259	1628697600.0
1.17404	1.17341	1.17468	1.17341	1628699400.0
1.17341	1.17318	1.17355	1.17297	1628701200.0
1.17319	1.17392	1.17412	1.17293	1628703000.0
1.17391	1.17372	1.1742	1.17331	1628704800.0
1.17372	1.17368	1.17404	1.17349	1628706600.0
1.1736900000000001	1.17384	1.17391	1.1734	1628708400.0
1.17384	1.17483	1.17485	1.17379	1628710200.0
1.17485	1.17506	1.1754	1.17442	1628712000.0
1.17506	1.17473	1.17513	1.17458	1628713800.0
1.17472	1.17423	1.1748	1.17422	1628715600.0
1.17423	1.17383	1.17439	1.17382	1628717400.0
1.17383	1.17386	1.17416	1.17377	1628719200.0
1.17386	1.17423	1.17423	1.17386	1628721000.0
1.17422	1.17392	1.17423	1.17391	1628722800.0
1.17392	1.17388	1.17422	1.17386	1628724600.0
1.1738	1.17367	1.1738	1.17357	1628726400.0
1.17376	1.1740599999999999	1.17422	1.17364	1628728200.0
1.17407	1.17404	1.17426	1.17402	1628730000.0
1.17404	1.17416	1.17419	1.17384	1628731800.0
1.17416	1.17411	1.17418	1.17394	1628733600.0
1.17411	1.17417	1.17422	1.17407	1628735400.0
1.17418	1.17418	1.17445	1.17404	1628737200.0
1.17418	1.17401	1.17427	1.17375	1628739000.0
1.17401	1.17389	1.17413	1.17376	1628740800.0
1.17385	1.174	1.17412	1.17385	1628742600.0
1.174	1.17379	1.17401	1.17344	1628744400.0
1.17378	1.1739	1.17417	1.17378	1628746200.0
1.1739	1.1741	1.17424	1.1739	1628748000.0
1.1741	1.17448	1.1745	1.17407	1628749800.0
1.17441	1.1745700000000001	1.17459	1.17429	1628751600.0
1.17453	1.17398	1.17454	1.17393	1628753400.0
1.17399	1.17433	1.17437	1.17398	1628755200.0
1.17435	1.17415	1.17455	1.17414	1628757000.0
1.17416	1.17385	1.17446	1.17375	1628758800.0
1.17385	1.17357	1.17423	1.17353	1628760600.0
1.17356	1.17344	1.17377	1.17329	1628762400.0
0.97075	0.97222	0.97247	0.97064	1665572400.0
0.97221	0.97038	0.97239	0.97018	1665574200.0
0.97039	0.97134	0.97172	0.96976	1665576000.0
0.97134	0.97088	0.97146	0.97023	1665577800.0
0.97088	0.97094	0.97169	0.97062	1665579600.0
0.97094	0.97163	0.97165	0.97049	1665581400.0
0.97163	0.97106	0.97201	0.97022	1665583200.0
0.97105	0.97081	0.97135	0.97022	1665585000.0
0.97081	0.9705	0.97117	0.97014	1665586800.0
0.9705	0.97053	0.9711	0.96872	1665588600.0
0.97053	0.97038	0.97087	0.96947	1665590400.0
0.97041	0.96909	0.97113	0.96902	1665592200.0
0.96907	0.96865	0.96976	0.96817	1665594000.0
0.96864	0.97013	0.9706	0.96678	1665595800.0
0.97014	0.97063	0.97087	0.9692	1665597600.0
0.97063	0.96907	0.97097	0.96895	1665599400.0
0.96908	0.96923	0.9695	0.96851	1665601200.0
0.96923	0.96837	0.96938	0.96802	1665603000.0
0.96837	0.96893	0.96902	0.96808	1665604800.0
0.96891	0.96903	0.96966	0.96868	1665606600.0
0.96905	0.97092	0.97204	0.96847	1665608400.0
0.97092	0.96977	0.97143	0.96952	1665610200.0
0.96977	0.97001	0.97048	0.96915	1665612000.0
0.96999	0.97012	0.97066	0.96988	1665613800.0
0.97012	0.96977	0.9702	0.96975	1665615600.0
0.96978	0.97023	0.97038	0.96966	1665617400.0
0.9701	0.97038	0.97042	0.96972	1665619200.0
0.97038	0.97047	0.97049	0.9701	1665621000.0
0.97046	0.9708	0.97099	0.97045	1665622800.0
0.9708	0.97074	0.97093	0.9707	1665624600.0
0.97074	0.97046	0.97075	0.97038	1665626400.0
0.97046	0.97051	0.97095	0.97045	1665628200.0
0.97051	0.97116	0.97117	0.96977	1665630000.0
0.97116	0.97143	0.97221	0.97109	1665631800.0
0.97144	0.97046	0.97147	0.97041	1665633600.0
0.97045	0.97052	0.97075	0.97007	1665635400.0
0.97052	0.97013	0.97062	0.96962	1665637200.0
0.97014	0.96983	0.97033	0.96975	1665639000.0
0.96982	0.97024	0.9703	0.9695	1665640800.0
0.97025	0.97004	0.97035	0.97002	1665642600.0
0.97004	0.97024	0.9703	0.96976	1665644400.0
0.97024	0.97041	0.97061	0.97022	1665646200.0
0.97041	0.97033	0.97057	0.97005	1665648000.0
0.97034	0.96973	0.9707	0.96963	1665649800.0
0.96972	0.96972	0.97092	0.96962	1665651600.0
0.96973	0.96898	0.97048	0.96887	1665653400.0
0.96899	0.96918	0.96971	0.96865	1665655200.0
0.96917	0.97059	0.97069	0.96854	1665657000.0
0.97059	0.97004	0.97091	0.96982	1665658800.0
0.97004	0.97141	0.97143	0.96998	1665660600.0
0.97142	0.97408	0.97409	0.97111	1665662400.0
0.97408	0.97262	0.97442	0.97247	1665664200.0
0.97262	0.97348	0.97357	0.9724	1665666000.0
0.97347	0.97251	0.97349	0.97178	1665667800.0
0.97251	0.9738	0.97407	0.9721	1665669600.0
0.97378	0.97449	0.97531	0.97355	1665671400.0
0.97445	0.97373	0.97481	0.97332	1665673200.0
0.97372	0.96681	0.9738	0.96314	1665675000.0
0.96679	0.96636	0.9682	0.96451	1665676800.0
0.96636	0.96944	0.9702	0.96537	1665678600.0
0.96947	0.96823	0.97015	0.96757	1665680400.0
0.96822	0.97181	0.97263	0.96808	1665682200.0
0.97181	0.97674	0.97835	0.97107	1665684000.0
0.97675	0.97791	0.97989	0.97602	1665685800.0
0.97792	0.97764	0.97992	0.97641	1665687600.0
0.97767	0.97746	0.97819	0.9769	1665689400.0
0.97745	0.97931	0.97993	0.97684	1665691200.0
0.97933	0.97966	0.98061	0.97933	1665693000.0
0.97967	0.97847	0.98005	0.97824	1665694800.0
0.97847	0.97868	0.97925	0.97814	1665696600.0
0.97869	0.97729	0.97893	0.97712	1665698400.0
0.97724	0.97749	0.97798	0.97715	1665700200.0
0.97748	0.97777	0.97786	0.97733	1665702000.0
0.97777	0.97774	0.97809	0.97745	1665703800.0
0.97717	0.97739	0.97744	0.97704	1665705600.0
0.97737	0.9774	0.97771	0.97725	1665707400.0
0.97745	0.97688	0.97776	0.97683	1665709200.0
0.97689	0.97769	0.97778	0.97689	1665711000.0
0.97768	0.97731	0.97776	0.97725	1665712800.0
0.97732	0.97671	0.97741	0.97668	1665714600.0
0.97669	0.97682	0.97787	0.97617	1665716400.0
0.97682	0.9768	0.97725	0.97641	1665718200.0
0.97682	0.97717	0.97776	0.97677	1665720000.0
0.97717	0.97993	0.98082	0.97713	1665721800.0
0.97995	0.97907	0.98021	0.97898	1665723600.0
0.97908	0.97904	0.97989	0.97898	1665725400.0
0.9791	0.97878	0.97928	0.97855	1665727200.0
0.97884	0.97872	0.97973	0.97843	1665729000.0
0.97873	0.97797	0.979	0.97797	1665730800.0
0.97802	0.97817	0.97853	0.97787	1665732600.0
