1.34122	1.3405	1.34215	1.3364099999999999	1669219200
1.3405	1.33527	1.34081	1.33444	1669233600
1.33471	1.33416	1.33558	1.33373	1669248000
1.33418	1.33457	1.3345799999999999	1.33279	1669262400
1.33457	1.33478	1.33622	1.33334	1669276800
1.33478	1.33468	1.33586	1.3336299999999999	1669291200
1.33468	1.33375	1.33514	1.33163	1669305600
1.33375	1.33357	1.33426	1.3333300000000001	1669320000
1.33375	1.33403	1.33496	1.3330199999999999	1669334400
1.33403	1.3325	1.33411	1.3317	1669348800
1.33251	1.3364	1.33701	1.33249	1669363200
1.33639	1.33846	1.33859	1.33372	1669377600
1.33846	1.33806	1.33984	1.33631	1669392000
1.33807	1.33805	1.33875	1.33679	1669406400
1.33869	1.34647	1.34735	1.33861	1669593600
1.34647	1.34579	1.34687	1.34348	1669608000
1.34579	1.34443	1.34599	1.34271	1669622400
1.34442	1.3444	1.34538	1.34132	1669636800
1.3444	1.34453	1.34677	1.3422	1669651200
1.34452	1.34943	1.35047	1.34419	1669665600
1.34923	1.34615	1.34969	1.34606	1669680000
1.34615	1.34306	1.34663	1.34237	1669694400
1.34304	1.3454	1.34623	1.34083	1669708800
1.34539	1.3550499999999999	1.3557299999999999	1.34384	1669723200
1.3550499999999999	1.35967	1.36457	1.3537	1669737600
1.35968	1.35791	1.36043	1.35693	1669752000
1.35759	1.35807	1.3593600000000001	1.35715	1669766400
1.35806	1.35761	1.35864	1.35623	1669780800
1.3575599999999999	1.35301	1.35771	1.35286	1669795200
1.35302	1.35222	1.35486	1.34965	1669809600
1.35224	1.35341	1.35782	1.34885	1669824000
1.35341	1.34122	1.35667	1.34103	1669838400
1.34148	1.34169	1.34275	1.34022	1669852800
1.34166	1.33985	1.34271	1.33949	1669867200
1.33985	1.34239	1.34364	1.3395000000000001	1669881600
1.34242	1.3431899999999999	1.34509	1.3406	1669896000
1.3431899999999999	1.34155	1.34669	1.34073	1669910400
1.34151	1.34318	1.3471	1.34054	1669924800
1.3428	1.34452	1.34524	1.3419699999999999	1669939200
1.34452	1.34386	1.34522	1.3431199999999999	1669953600
1.34386	1.3434	1.3452899999999999	1.342	1669968000
1.3434	1.34789	1.35206	1.3422399999999999	1669982400
1.34789	1.3473899999999999	1.34897	1.34426	1669996800
1.34737	1.34631	1.34948	1.34542	1670011200
1.34577	1.34089	1.34738	1.34064	1670198400
1.3409499999999999	1.3404	1.3417	1.33849	1670212800
1.34046	1.3418	1.34475	1.3404099999999999	1670227200
1.34185	1.34232	1.34392	1.3394300000000001	1670241600
1.34233	1.35775	1.35853	1.34223	1670256000
1.35775	1.35888	1.36052	1.35684	1670270400
1.3584	1.3582	1.35934	1.35707	1670284800
1.35821	1.3585099999999999	1.36001	1.3571	1670299200
1.3585099999999999	1.36077	1.36193	1.35808	1670313600
1.36081	1.36263	1.36417	1.3602699999999999	1670328000
1.3626	1.36558	1.36727	1.36134	1670342400
1.36558	1.36502	1.36757	1.3647	1670356800
1.36491	1.3643	1.36587	1.36409	1670371200
1.3643100000000001	1.36496	1.36558	1.3630900000000001	1670385600
1.36493	1.3689200000000001	1.36999	1.3648	1670400000
1.36891	1.36862	1.369	1.36847	1670414400
