1.03511	1.03539	1.0355	1.03482	1669622400
1.03538	1.03562	1.03566	1.03514	1669622700
1.03564	1.03569	1.03576	1.03536	1669623000
1.03569	1.03599	1.03602	1.03558	1669623300
1.03599	1.03611	1.03616	1.03581	1669623600
1.03611	1.03605	1.03638	1.03589	1669623900
1.03606	1.03656	1.03659	1.03604	1669624200
1.03657	1.03679	1.03691	1.03639	1669624500
1.03679	1.03719	1.03719	1.03666	1669624800
1.03727	1.0374	1.03746	1.03702	1669625100
1.03737	1.03733	1.03754	1.03726	1669625400
1.03733	1.03717	1.03738	1.03702	1669625700
1.03717	1.0379	1.03811	1.03702	1669626000
1.03786	1.0378	1.03798	1.0376	1669626300
1.03777	1.03808	1.03827	1.03763	1669626600
1.03808	1.03814	1.03837	1.0378	1669626900
1.03814	1.03808	1.03837	1.03796	1669627200
1.03808	1.03757	1.03809	1.03757	1669627500
1.03757	1.03726	1.0376	1.03711	1669627800
1.03725	1.03715	1.03742	1.03709	1669628100
1.03714	1.03773	1.03786	1.03708	1669628400
1.03774	1.03811	1.03811	1.0376	1669628700
1.03809	1.038	1.03853	1.03792	1669629000
1.038	1.0374	1.03839	1.03729	1669629300
1.03739	1.03798	1.03808	1.03674	1669629600
1.03797	1.03942	1.03951	1.03794	1669629900
1.0394	1.039	1.03958	1.03888	1669630200
1.039	1.03916	1.03926	1.03885	1669630500
1.03916	1.03984	1.03984	1.03902	1669630800
1.03981	1.04064	1.04088	1.03973	1669631100
1.04064	1.04197	1.04212	1.04056	1669631400
1.04197	1.04282	1.04319	1.04175	1669631700
1.04281	1.04309	1.04353	1.04255	1669632000
1.04307	1.04238	1.04308	1.04227	1669632300
1.04238	1.04371	1.04379	1.04238	1669632600
1.04371	1.04394	1.04408	1.04315	1669632900
1.04392	1.04352	1.04397	1.0434	1669633200
1.04352	1.04422	1.04432	1.0433	1669633500
1.04422	1.04455	1.04473	1.04412	1669633800
1.04455	1.04553	1.04556	1.04445	1669634100
1.04556	1.04497	1.04567	1.04482	1669634400
1.04497	1.04482	1.04497	1.0443	1669634700
1.04481	1.0444	1.04505	1.04434	1669635000
1.0444	1.0451	1.04527	1.04428	1669635300
1.04509	1.04529	1.0454	1.04506	1669635600
1.04529	1.04442	1.0453	1.04421	1669635900
1.04442	1.04481	1.04499	1.0443500000000001	1669636200
1.04481	1.04477	1.04527	1.04437	1669636500
1.04477	1.04447	1.04503	1.04417	1669636800
1.04448	1.04472	1.04472	1.04388	1669637100
1.04474	1.04563	1.04569	1.04462	1669637400
1.04563	1.04631	1.0465	1.04526	1669637700
1.0463	1.04728	1.04739	1.04627	1669638000
1.04727	1.04735	1.04788	1.04725	1669638300
1.04735	1.04714	1.04743	1.04692	1669638600
1.04717	1.04714	1.0472	1.04684	1669638900
1.04715	1.0478	1.0482	1.04709	1669639200
1.0478	1.04712	1.04781	1.04712	1669639500
1.04712	1.04751	1.04755	1.04707	1669639800
1.04751	1.04717	1.04758	1.04709	1669640100
