0.94242	0.94228	0.94247	0.94188	1670361300
0.94228	0.94181	0.9426	0.94167	1670362200
0.94182	0.94205	0.94216	0.94182	1670363100
0.94206	0.9419	0.94208	0.94169	1670364000
0.94188	0.94188	0.94222	0.9417	1670364900
0.94188	0.94208	0.94208	0.94167	1670365800
0.94207	0.94164	0.94217	0.94157	1670366700
0.94164	0.94219	0.94219	0.94152	1670367600
0.94219	0.94191	0.94219	0.94166	1670368500
0.9419	0.94188	0.94207	0.94186	1670369400
0.94188	0.94214	0.94217	0.94174	1670370300
0.94104	0.94134	0.94176	0.94101	1670371200
0.94126	0.94126	0.94131	0.94087	1670372100
0.94118	0.94137	0.94177	0.94107	1670373000
0.94141	0.94174	0.94184	0.94115	1670373900
0.94178	0.94146	0.94179	0.94142	1670374800
0.94146	0.94166	0.94171	0.94143	1670375700
0.94167	0.94213	0.94215	0.94165	1670376600
0.94213	0.942	0.94215	0.94195	1670377500
0.94206	0.94191	0.9422	0.94183	1670378400
0.94191	0.94218	0.94232	0.9419	1670379300
0.94218	0.94267	0.94269	0.94218	1670380200
0.94267	0.94255	0.94285	0.94255	1670381100
0.94254	0.94325	0.94326	0.94242	1670382000
0.94323	0.94316	0.94326	0.94293	1670382900
0.94316	0.94263	0.94321	0.94242	1670383800
0.94262	0.94196	0.94281	0.94179	1670384700
0.94196	0.94204	0.94225	0.94169	1670385600
0.94205	0.94172	0.94225	0.94156	1670386500
0.94172	0.94201	0.94207	0.94161	1670387400
0.94202	0.94216	0.94216	0.94173	1670388300
0.94216	0.94255	0.94255	0.94213	1670389200
0.94256	0.94278	0.94286	0.94245	1670390100
0.94278	0.94255	0.94278	0.9425	1670391000
0.94254	0.94222	0.94256	0.94215	1670391900
0.94225	0.94239	0.94239	0.9422	1670392800
0.94239	0.94255	0.94264	0.94238	1670393700
0.94255	0.94275	0.94287	0.94252	1670394600
0.94275	0.94252	0.94288	0.94246	1670395500
0.94252	0.9421	0.94255	0.94201	1670396400
0.94206	0.94224	0.94233	0.94176	1670397300
0.94225	0.94231	0.94242	0.94183	1670398200
0.9423	0.94232	0.94246	0.9421	1670399100
0.9423	0.94339	0.94357	0.94214	1670400000
0.94338	0.94365	0.94376	0.94313	1670400900
0.94365	0.94295	0.94378	0.94278	1670401800
0.94297	0.94303	0.94337	0.9428	1670402700
0.94304	0.94308	0.94322	0.9419	1670403600
0.9431	0.94175	0.94343	0.94158	1670404500
0.94176	0.94156	0.94187	0.94131	1670405400
0.94153	0.94072	0.94157	0.94062	1670406300
0.94073	0.94182	0.94249	0.94071	1670407200
0.94182	0.9417	0.94228	0.94157	1670408100
0.9417	0.94313	0.94315	0.94134	1670409000
0.94313	0.94207	0.94327	0.94127	1670409900
0.94208	0.94237	0.94295	0.94206	1670410800
0.94233	0.94264	0.94292	0.94212	1670411700
0.94263	0.943	0.9432	0.94226	1670412600
0.943	0.94169	0.94305	0.94167	1670413500
0.94168	0.94186	0.94193	0.94144	1670414400
