1.03786	1.03694	1.03804	1.03692	1669604400
1.03694	1.0363	1.03725	1.0363	1669605300
1.03634	1.03435	1.03637	1.03413	1669606200
1.03435	1.03483	1.03488	1.03411	1669607100
1.03484	1.03518	1.03523	1.03434	1669608000
1.03517	1.03525	1.03586	1.03506	1669608900
1.03524	1.03626	1.0363	1.03524	1669609800
1.03627	1.03606	1.0365	1.0359	1669610700
1.03606	1.0354700000000001	1.03614	1.03535	1669611600
1.03546	1.03535	1.03573	1.03526	1669612500
1.03533	1.0355	1.03559	1.03512	1669613400
1.0355	1.0354700000000001	1.03561	1.03515	1669614300
1.0354700000000001	1.03549	1.03572	1.03514	1669615200
1.03545	1.03596	1.03598	1.03545	1669616100
1.03593	1.03593	1.0361	1.03565	1669617000
1.03596	1.0362	1.03631	1.03569	1669617900
1.03621	1.03588	1.03621	1.03531	1669618800
1.03588	1.03506	1.03594	1.035	1669619700
1.03506	1.03533	1.03556	1.03488	1669620600
1.03536	1.0351	1.03537	1.03465	1669621500
1.03511	1.03569	1.03576	1.03482	1669622400
1.03569	1.03605	1.03638	1.03558	1669623300
1.03606	1.03719	1.03719	1.03604	1669624200
1.03727	1.03717	1.03754	1.03702	1669625100
1.03717	1.03808	1.03827	1.03702	1669626000
1.03808	1.03757	1.03837	1.03757	1669626900
1.03757	1.03773	1.03786	1.03708	1669627800
1.03774	1.0374	1.03853	1.03729	1669628700
1.03739	1.039	1.03958	1.03674	1669629600
1.039	1.04064	1.04088	1.03885	1669630500
1.04064	1.04309	1.04353	1.04056	1669631400
1.04307	1.04394	1.04408	1.04227	1669632300
1.04392	1.04455	1.04473	1.0433	1669633200
1.04455	1.04482	1.04567	1.0443	1669634100
1.04481	1.04529	1.0454	1.04428	1669635000
1.04529	1.04477	1.0453	1.04421	1669635900
1.04477	1.04563	1.04569	1.04388	1669636800
1.04563	1.04735	1.04788	1.04526	1669637700
1.04735	1.0478	1.0482	1.04684	1669638600
1.0478	1.04742	1.04781	1.04707	1669639500
1.04742	1.04937	1.04947	1.04724	1669640400
1.04938	1.0487	1.04942	1.04818	1669641300
1.04871	1.04813	1.04969	1.04787	1669642200
1.04812	1.04743	1.04815	1.04719	1669643100
1.04744	1.04674	1.04763	1.04589	1669644000
1.04674	1.04674	1.04706	1.04617	1669644900
1.04673	1.04679	1.04732	1.0465	1669645800
1.04678	1.04729	1.04775	1.04667	1669646700
1.04729	1.04632	1.04768	1.04617	1669647600
1.04631	1.04488	1.04633	1.04442	1669648500
1.04487	1.04553	1.04558	1.04463	1669649400
1.04554	1.04629	1.04658	1.04549	1669650300
1.0463	1.04489	1.0463	1.04408	1669651200
1.04489	1.04368	1.04493	1.04359	1669652100
1.04369	1.04345	1.04509	1.04316	1669653000
1.04344	1.04301	1.04384	1.0422	1669653900
1.04299	1.04309	1.0434	1.04223	1669654800
1.0431	1.0412	1.04335	1.04099	1669655700
1.0412	1.04049	1.04185	1.04022	1669656600
1.0405	1.04052	1.04073	1.04006	1669657500
