1.03319	1.0364	1.0384	1.03268	1669219200
1.0364	1.03941	1.04052	1.03595	1669233600
1.03941	1.0423499999999999	1.04253	1.03918	1669248000
1.04236	1.04338	1.04485	1.04176	1669262400
1.04341	1.04194	1.04399	1.03999	1669276800
1.04194	1.0423	1.04293	1.03819	1669291200
1.0423	1.0409	1.04277	1.04017	1669305600
1.0409	1.04114	1.04143	1.04012	1669320000
1.04067	1.04095	1.04151	1.03959	1669334400
1.04095	1.04114	1.04293	1.04043	1669348800
1.0411299999999999	1.03936	1.04284	1.03822	1669363200
1.03937	1.03727	1.04217	1.03613	1669377600
1.03728	1.04059	1.04118	1.03548	1669392000
1.0406	1.03939	1.04146	1.03852	1669406400
1.03664	1.03483	1.03839	1.03411	1669593600
1.03484	1.0351	1.0365	1.03434	1669608000
1.03511	1.04477	1.04567	1.03482	1669622400
1.04477	1.04629	1.04969	1.04388	1669636800
1.0463	1.03698	1.0463	1.03681	1669651200
1.03697	1.03381	1.03731	1.03302	1669665600
1.03368	1.03596	1.03624	1.0334	1669680000
1.03595	1.03869	1.03941	1.0346899999999999	1669694400
1.03869	1.03649	1.03928	1.03507	1669708800
1.03645	1.03303	1.03935	1.03249	1669723200
1.03303	1.03402	1.0373	1.03256	1669737600
1.03401	1.03287	1.03466	1.03199	1669752000
1.03276	1.03479	1.03531	1.03185	1669766400
1.03479	1.03484	1.0361	1.03402	1669780800
1.03488	1.03581	1.03816	1.03356	1669795200
1.03581	1.0359099999999999	1.03919	1.03466	1669809600
1.0359	1.03151	1.03995	1.02899	1669824000
1.0315	1.04055	1.04288	1.03059	1669838400
1.0408	1.04259	1.04475	1.03984	1669852800
1.04257	1.04458	1.04516	1.04187	1669867200
1.04455	1.04415	1.0464	1.0393	1669881600
1.04414	1.04894	1.05134	1.04176	1669896000
1.04897	1.05076	1.05335	1.04696	1669910400
1.05074	1.05247	1.05305	1.0496	1669924800
1.05194	1.05134	1.05394	1.0506199999999999	1669939200
1.05135	1.05231	1.05287	1.05049	1669953600
1.05231	1.05299	1.05449	1.05131	1669968000
1.05301	1.04621	1.05447	1.04281	1669982400
1.04623	1.05255	1.05341	1.04451	1669996800
1.05258	1.05407	1.05418	1.05105	1670011200
1.05306	1.05678	1.0574	1.05296	1670198400
1.0568	1.05829	1.05848	1.05569	1670212800
1.05829	1.05593	1.05829	1.05304	1670227200
1.05593	1.05657	1.0594999999999999	1.0518399999999999	1670241600
1.05657	1.04954	1.05685	1.049	1670256000
1.04953	1.04908	1.05063	1.04803	1670270400
1.04914	1.05104	1.05187	1.04835	1670284800
1.05104	1.0493999999999999	1.05151	1.04832	1670299200
1.0493999999999999	1.04942	1.05096	1.04757	1670313600
1.04936	1.05136	1.05329	1.04916	1670328000
1.05136	1.04822	1.05289	1.04796	1670342400
1.04819	1.04642	1.04826	1.04593	1670356800
1.04641	1.04725	1.04738	1.04551	1670371200
1.04724	1.04665	1.04765	1.04581	1670385600
1.04668	1.04759	1.04844	1.04431	1670400000
1.0476	1.04761	1.04795	1.04727	1670414400
