1.3137699999999999	1.3149899999999999	1.31702	1.30965	1662422400
1.3151	1.31166	1.32089	1.31101	1662508800
1.31166	1.3091599999999999	1.31597	1.30768	1662595200
1.30895	1.30207	1.3094700000000001	1.29818	1662681600
1.30334	1.29866	1.3045200000000001	1.29637	1662940800
1.29829	1.31727	1.31752	1.29538	1663027200
1.31619	1.31643	1.32064	1.31391	1663113600
1.3166	1.3226499999999999	1.32401	1.31534	1663200000
1.3226499999999999	1.32663	1.33077	1.3223500000000001	1663286400
1.32606	1.32508	1.3344	1.3244799999999999	1663545600
1.3247499999999999	1.33662	1.33748	1.32268	1663632000
1.33635	1.34586	1.34677	1.3357	1663718400
1.34656	1.34844	1.35447	1.34087	1663804800
1.34829	1.3593899999999999	1.36124	1.3468	1663891200
1.35991	1.37354	1.38084	1.35588	1664150400
1.37324	1.37225	1.37755	1.3639299999999999	1664236800
1.37213	1.36035	1.3832499999999999	1.3602400000000001	1664323200
1.36048	1.36821	1.3755600000000001	1.36028	1664409600
1.36746	1.38345	1.38348	1.36579	1664496000
1.38026	1.36223	1.38272	1.36198	1664755200
1.3620999999999999	1.35088	1.3664399999999999	1.35027	1664841600
1.35254	1.3618700000000001	1.3695599999999999	1.35035	1664928000
1.36142	1.37465	1.37552	1.35641	1665014400
1.37448	1.37398	1.37604	1.36753	1665100800
1.37241	1.3777	1.37818	1.37025	1665360000
1.3776	1.37938	1.38555	1.37147	1665446400
1.37947	1.38168	1.38305	1.37601	1665532800
1.38095	1.37543	1.39771	1.3706800000000001	1665619200
1.37401	1.388	1.38983	1.37033	1665705600
1.3869099999999999	1.3716	1.38781	1.36988	1665964800
1.37123	1.37335	1.3810799999999999	1.36571	1666051200
1.37368	1.37618	1.38096	1.37184	1666137600
1.37606	1.37641	1.38067	1.36511	1666224000
1.37621	1.36449	1.3854600000000001	1.36299	1666310400
1.3628	1.37032	1.37743	1.36055	1666569600
1.37045	1.36072	1.37481	1.36007	1666656000
1.36053	1.35537	1.36511	1.35077	1666742400
1.3553	1.35644	1.36266	1.34951	1666828800
1.35625	1.36051	1.36346	1.35249	1666915200
1.3598	1.36185	1.36852	1.35969	1667174400
1.36182	1.36287	1.36687	1.353	1667260800
1.3628	1.37072	1.37137	1.35486	1667347200
1.37066	1.37486	1.3808099999999999	1.3682400000000001	1667433600
1.37446	1.34806	1.3750499999999999	1.3469	1667520000
1.35282	1.34932	1.35525	1.34652	1667779200
1.34917	1.34256	1.35267	1.33873	1667865600
1.34249	1.35241	1.35419	1.34104	1667952000
1.35263	1.33185	1.35709	1.3308	1668038400
1.33186	1.3251	1.33606	1.32364	1668124800
1.32694	1.33148	1.33168	1.32389	1668384000
1.33142	1.32795	1.3336299999999999	1.3225799999999999	1668470400
1.32767	1.33259	1.3347	1.32281	1668556800
1.33219	1.3323800000000001	1.34012	1.33048	1668643200
1.3324	1.33898	1.3409	1.32999	1668729600
1.33596	1.34528	1.34949	1.33596	1668988800
1.3445	1.33695	1.3453300000000001	1.3365	1669075200
1.3366799999999999	1.33527	1.34402	1.33444	1669161600
1.33471	1.33357	1.33622	1.33163	1669248000
1.33375	1.33805	1.33984	1.3317	1669334400
1.33869	1.34366	1.34735	1.33861	1669593600
