0.6313	0.63139	0.6318	0.63122	1670361300
0.63139	0.63187	0.63193	0.63111	1670362200
0.63187	0.63165	0.63204	0.6316	1670363100
0.63166	0.63181	0.6321	0.63165	1670364000
0.63185	0.63192	0.63197	0.63164	1670364900
0.6319	0.63177	0.63212	0.63159	1670365800
0.6318	0.63209	0.63222	0.63164	1670366700
0.63207	0.63185	0.6321	0.63185	1670367600
0.63185	0.63171	0.63191	0.63171	1670368500
0.63169	0.63177	0.63178	0.63158	1670369400
0.63178	0.63194	0.63194	0.63144	1670370300
0.63131	0.63114	0.63154	0.63102	1670371200
0.63129	0.63137	0.6318	0.63095	1670372100
0.63159	0.6317	0.63223	0.63145	1670373000
0.63159	0.63138	0.63182	0.63128	1670373900
0.63153	0.63201	0.63226	0.63114	1670374800
0.63202	0.6322	0.63222	0.6319	1670375700
0.63221	0.63211	0.63233	0.63197	1670376600
0.63213	0.63237	0.63244	0.63197	1670377500
0.63236	0.63201	0.63241	0.63199	1670378400
0.63202	0.63162	0.63208	0.63162	1670379300
0.63164	0.63161	0.63209	0.63141	1670380200
0.63161	0.63175	0.63175	0.63128	1670381100
0.63176	0.63125	0.63178	0.6311	1670382000
0.63125	0.63151	0.63185	0.63125	1670382900
0.63151	0.63249	0.63259	0.63143	1670383800
0.63249	0.63262	0.6328	0.63222	1670384700
0.63261	0.63259	0.63284	0.63239	1670385600
0.63257	0.63346	0.63362	0.63249	1670386500
0.63347	0.63294	0.6335	0.63286	1670387400
0.63291	0.63251	0.63314	0.63248	1670388300
0.63251	0.6324	0.63294	0.63218	1670389200
0.63239	0.63208	0.63244	0.6318	1670390100
0.63207	0.63229	0.63235	0.63198	1670391000
0.6323	0.63279	0.63281	0.63229	1670391900
0.6328	0.6326	0.63285	0.63249	1670392800
0.63258	0.63271	0.63288	0.63258	1670393700
0.6327	0.63219	0.63285	0.63201	1670394600
0.63218	0.63197	0.6323	0.63183	1670395500
0.63197	0.6328	0.63285	0.63197	1670396400
0.63279	0.63258	0.63335	0.63256	1670397300
0.63257	0.63278	0.63318	0.6325	1670398200
0.63278	0.63251	0.6329	0.63228	1670399100
0.63253	0.63123	0.63264	0.63114	1670400000
0.63123	0.63147	0.63188	0.63112	1670400900
0.63146	0.63166	0.6317	0.63124	1670401800
0.63166	0.63154	0.63178	0.63099	1670402700
0.63153	0.63187	0.6326	0.63153	1670403600
0.63186	0.63285	0.63302	0.63158	1670404500
0.63286	0.63295	0.63331	0.63275	1670405400
0.63294	0.63288	0.63315	0.63269	1670406300
0.63287	0.6324	0.63314	0.63206	1670407200
0.6324	0.63294	0.63331	0.63229	1670408100
0.63294	0.63267	0.63325	0.63244	1670409000
0.63266	0.6337	0.6342	0.63244	1670409900
0.63372	0.63326	0.63372	0.63293	1670410800
0.63326	0.63201	0.63358	0.63199	1670411700
0.63202	0.63141	0.6321	0.63118	1670412600
0.63132	0.63216	0.63217	0.63122	1670413500
0.63215	0.63247	0.63248	0.63215	1670414400
