0.6335	0.63338	0.63354	0.63333	1670411160
0.63337	0.63337	0.63339	0.63331	1670411220
0.63337	0.63326	0.63338	0.63319	1670411280
0.63323	0.63304	0.63323	0.633	1670411340
0.63306	0.63308	0.63315	0.63301	1670411400
0.63309	0.63299	0.63315	0.63299	1670411460
0.633	0.6332	0.63321	0.63293	1670411520
0.6332	0.63317	0.63338	0.63313	1670411580
0.63318	0.63326	0.63329	0.63312	1670411640
0.63326	0.63348	0.63348	0.63326	1670411700
0.63347	0.63351	0.63351	0.63329	1670411760
0.6335	0.6335	0.63358	0.63341	1670411820
0.63351	0.63338	0.63357	0.6333	1670411880
0.63336	0.63292	0.63336	0.63292	1670411940
0.63293	0.6329	0.63298	0.63284	1670412000
0.63292	0.63293	0.63296	0.63286	1670412060
0.63294	0.63293	0.63296	0.63287	1670412120
0.63294	0.63264	0.63295	0.63264	1670412180
0.63264	0.63269	0.63273	0.63262	1670412240
0.63269	0.63283	0.63283	0.63268	1670412300
0.63284	0.63272	0.63289	0.63272	1670412360
0.63272	0.63216	0.63278	0.63215	1670412420
0.63217	0.63208	0.63217	0.632	1670412480
0.63208	0.63201	0.63215	0.63199	1670412540
0.63202	0.63208	0.63209	0.63197	1670412600
0.63209	0.63198	0.6321	0.63197	1670412660
0.63199	0.63181	0.632	0.63171	1670412720
0.63181	0.63188	0.63191	0.63177	1670412780
0.63184	0.63164	0.63188	0.63161	1670412840
0.63163	0.63149	0.63165	0.63147	1670412900
0.63148	0.63169	0.63171	0.63144	1670412960
0.63167	0.63159	0.63169	0.63156	1670413020
0.63158	0.63155	0.63158	0.63144	1670413080
0.63154	0.63151	0.63157	0.63144	1670413140
0.6315	0.63155	0.63165	0.63149	1670413200
0.63156	0.63151	0.63161	0.63142	1670413260
0.63149	0.63135	0.63154	0.63134	1670413320
0.63135	0.63145	0.63145	0.63124	1670413380
0.63144	0.63141	0.63145	0.63118	1670413440
0.63132	0.63145	0.6315	0.63132	1670413500
0.63145	0.63142	0.6315	0.63132	1670413560
0.63143	0.6313	0.63165	0.63125	1670413620
0.63129	0.63133	0.6314	0.63122	1670413680
0.63132	0.63129	0.63137	0.63128	1670413740
0.63129	0.63144	0.63145	0.63127	1670413800
0.63146	0.63156	0.6316	0.63144	1670413860
0.63156	0.63149	0.63157	0.63145	1670413920
0.63149	0.63159	0.63164	0.63149	1670413980
0.6316	0.6317	0.63172	0.63153	1670414040
0.63169	0.63175	0.6318	0.63169	1670414100
0.63175	0.63186	0.63191	0.63175	1670414160
0.63187	0.63202	0.63205	0.63181	1670414220
0.63205	0.63205	0.6321	0.63205	1670414280
0.63206	0.63216	0.63217	0.632	1670414340
0.63215	0.6323	0.6323	0.63215	1670414400
0.6323	0.63231	0.63238	0.63228	1670414460
0.63231	0.63236	0.63236	0.63222	1670414520
0.63243	0.63227	0.63244	0.63225	1670414580
0.63226	0.63236	0.63237	0.63226	1670414640
0.63236	0.63246	0.63248	0.63232	1670414700
