0.93705	0.93642	0.93807	0.93639	1670202000
0.93644	0.93741	0.9378	0.93642	1670205600
0.9374	0.93555	0.93742	0.93503	1670209200
0.93555	0.93505	0.93589	0.93501	1670212800
0.93502	0.93456	0.93554	0.93441	1670216400
0.93452	0.93475	0.93517	0.93429	1670220000
0.93475	0.93474	0.93523	0.93437	1670223600
0.93474	0.93542	0.93567	0.93474	1670227200
0.93541	0.93642	0.93696	0.93493	1670230800
0.9364	0.93488	0.93658	0.93456	1670234400
0.93487	0.93417	0.93506	0.93306	1670238000
0.93417	0.93603	0.93681	0.93411	1670241600
0.936	0.93454	0.93661	0.93405	1670245200
0.93455	0.93423	0.93578	0.9339	1670248800
0.93423	0.93655	0.9368	0.93394	1670252400
0.93654	0.93797	0.93869	0.9363	1670256000
0.93949	0.93832	0.94093	0.93719	1670259600
0.93831	0.94214	0.94234	0.93797	1670263200
0.94215	0.94255	0.94261	0.94066	1670266800
0.94255	0.9422	0.94275	0.94159	1670270400
0.94221	0.94267	0.94333	0.942	1670274000
0.94266	0.94343	0.94345	0.94231	1670277600
0.94344	0.94255	0.94353	0.94226	1670281200
0.94243	0.94171	0.94255	0.93985	1670284800
0.94188	0.94241	0.94264	0.94186	1670288400
0.94239	0.94168	0.94248	0.94148	1670292000
0.94167	0.94145	0.94237	0.94091	1670295600
0.94145	0.94267	0.94334	0.94118	1670299200
0.94266	0.94249	0.94272	0.94161	1670302800
0.9425	0.94274	0.94275	0.94204	1670306400
0.94274	0.94293	0.94356	0.94241	1670310000
0.94293	0.94495	0.94561	0.94292	1670313600
0.94494	0.94349	0.9456	0.943	1670317200
0.94351	0.94366	0.94428	0.94208	1670320800
0.9437	0.94334	0.94396	0.94269	1670324400
0.94338	0.9417	0.94355	0.94143	1670328000
0.94171	0.9403	0.94181	0.93963	1670331600
0.94032	0.93841	0.94055	0.9383	1670335200
0.93835	0.93878	0.9399	0.93811	1670338800
0.93876	0.94082	0.94091	0.93808	1670342400
0.94084	0.94002	0.94244	0.93955	1670346000
0.94001	0.94065	0.94094	0.93811	1670349600
0.94064	0.94174	0.94195	0.94058	1670353200
0.94174	0.94245	0.94257	0.94147	1670356800
0.94242	0.94205	0.94272	0.94167	1670360400
0.94206	0.94164	0.94222	0.94157	1670364000
0.94164	0.94214	0.94219	0.94152	1670367600
0.94104	0.94174	0.94184	0.94087	1670371200
0.94178	0.942	0.94215	0.94142	1670374800
0.94206	0.94255	0.94285	0.94183	1670378400
0.94254	0.94196	0.94326	0.94179	1670382000
0.94196	0.94216	0.94225	0.94156	1670385600
0.94216	0.94222	0.94286	0.94213	1670389200
0.94225	0.94252	0.94288	0.9422	1670392800
0.94252	0.94232	0.94255	0.94176	1670396400
0.9423	0.94303	0.94378	0.94214	1670400000
0.94304	0.94072	0.94343	0.94062	1670403600
0.94073	0.94207	0.94327	0.94071	1670407200
0.94208	0.94169	0.9432	0.94167	1670410800
0.94168	0.94186	0.94193	0.94144	1670414400
