0.94927	0.94432	0.94932	0.94212	1669219200
0.94433	0.9424	0.94475	0.94119	1669233600
0.94224	0.94	0.94241	0.93985	1669248000
0.93999	0.93966	0.94073	0.93873	1669262400
0.93966	0.94344	0.94424	0.93922	1669276800
0.94344	0.94179	0.94459	0.94141	1669291200
0.94177	0.94328	0.94402	0.94148	1669305600
0.94327	0.94308	0.94366	0.94285	1669320000
0.94269	0.94382	0.94468	0.94174	1669334400
0.94383	0.94396	0.94426	0.94225	1669348800
0.94398	0.94511	0.946	0.94264	1669363200
0.94512	0.94869	0.94959	0.9429	1669377600
0.94869	0.94511	0.95002	0.94481	1669392000
0.94513	0.94443	0.94725	0.94398	1669406400
0.94539	0.94655	0.94792	0.9452	1669593600
0.94655	0.94673	0.94747	0.94562	1669608000
0.94674	0.94265	0.94724	0.94055	1669622400
0.94265	0.94303	0.9452	0.94065	1669636800
0.943	0.94781	0.94784	0.943	1669651200
0.94782	0.94905	0.9498	0.94754	1669665600
0.94873	0.94821	0.95012	0.94804	1669680000
0.9482	0.94632	0.94929	0.94606	1669694400
0.94633	0.95184	0.95246	0.94625	1669708800
0.95183	0.95271	0.95394	0.94842	1669723200
0.95273	0.95229	0.95457	0.95008	1669737600
0.9523	0.95383	0.95451	0.95222	1669752000
0.95256	0.95281	0.95469	0.95187	1669766400
0.9528	0.95293	0.95368	0.9518	1669780800
0.95292	0.95037	0.95476	0.9499	1669795200
0.95037	0.95174	0.95201	0.94828	1669809600
0.95175	0.95142	0.95456	0.9475	1669824000
0.95144	0.94546	0.953	0.94316	1669838400
0.94517	0.9432	0.94582	0.94154	1669852800
0.94319	0.94282	0.94387	0.94252	1669867200
0.94282	0.94392	0.94533	0.94129	1669881600
0.94391	0.94119	0.94605	0.93964	1669896000
0.94123	0.93806	0.94166	0.93684	1669910400
0.93809	0.93681	0.93838	0.93649	1669924800
0.93655	0.9377	0.93835	0.93589	1669939200
0.93769	0.93778	0.93856	0.93711	1669953600
0.93779	0.93516	0.93782	0.93362	1669968000
0.93516	0.94147	0.94398	0.93265	1669982400
0.94149	0.93762	0.94367	0.9364	1669996800
0.93758	0.93672	0.93936	0.9366	1670011200
0.93785	0.93555	0.93856	0.93503	1670198400
0.93555	0.93474	0.93589	0.93429	1670212800
0.93474	0.93417	0.93696	0.93306	1670227200
0.93417	0.93655	0.93681	0.9339	1670241600
0.93654	0.94255	0.94261	0.9363	1670256000
0.94255	0.94255	0.94353	0.94159	1670270400
0.94243	0.94145	0.94264	0.93985	1670284800
0.94145	0.94293	0.94356	0.94118	1670299200
0.94293	0.94334	0.94561	0.94208	1670313600
0.94338	0.93878	0.94355	0.93811	1670328000
0.93876	0.94174	0.94244	0.93808	1670342400
0.94174	0.94214	0.94272	0.94147	1670356800
0.94104	0.94196	0.94326	0.94087	1670371200
0.94196	0.94232	0.94288	0.94156	1670385600
0.9423	0.94169	0.94378	0.94062	1670400000
0.94168	0.94186	0.94193	0.94144	1670414400
