1.33752	1.33756	1.33812	1.33703	1669413600
1.33755	1.3372	1.33755	1.33713	1669414500
1.3372	1.33711	1.3372	1.33689	1669415400
1.33711	1.33684	1.33745	1.33683	1669416300
1.33684	1.33708	1.33719	1.33679	1669417200
1.33716	1.33761	1.3378700000000001	1.3370600000000001	1669418100
1.33766	1.33804	1.33841	1.3373599999999999	1669419000
1.33811	1.33805	1.3385500000000001	1.3373	1669419900
1.33869	1.33976	1.33976	1.33861	1669593600
1.3397700000000001	1.33903	1.33987	1.3388900000000001	1669594500
1.33902	1.33956	1.33956	1.3388900000000001	1669595400
1.33957	1.33933	1.33957	1.3391199999999999	1669596300
1.33934	1.34035	1.34073	1.33905	1669597200
1.34037	1.3402	1.34054	1.33991	1669598100
1.3402	1.34084	1.3410199999999999	1.3402	1669599000
1.3409200000000001	1.34097	1.34104	1.3403399999999999	1669599900
1.34098	1.34076	1.34104	1.34033	1669600800
1.34071	1.34035	1.34094	1.3403	1669601700
1.34035	1.34017	1.34079	1.34006	1669602600
1.34017	1.34098	1.34124	1.34002	1669603500
1.34098	1.34295	1.34295	1.34089	1669604400
1.34296	1.34506	1.34506	1.34288	1669605300
1.34505	1.3467	1.34687	1.34498	1669606200
1.34673	1.34647	1.34735	1.34631	1669607100
1.34647	1.3456000000000001	1.34687	1.3455300000000001	1669608000
1.34558	1.34527	1.3457	1.34481	1669608900
1.3452600000000001	1.34386	1.3452600000000001	1.34383	1669609800
1.34382	1.34371	1.3441100000000001	1.34348	1669610700
1.34371	1.3445	1.34485	1.34363	1669611600
1.34457	1.34457	1.3447200000000001	1.34429	1669612500
1.34462	1.34423	1.34466	1.34412	1669613400
1.34424	1.3445	1.3448	1.34418	1669614300
1.3445	1.34467	1.34479	1.34406	1669615200
1.34466	1.34415	1.34479	1.34405	1669616100
1.34415	1.34439	1.34461	1.34405	1669617000
1.34436	1.3441100000000001	1.34448	1.3439	1669617900
1.3441100000000001	1.34446	1.34518	1.3441	1669618800
1.34446	1.34517	1.34524	1.34442	1669619700
1.34517	1.34532	1.3455	1.3450199999999999	1669620600
1.34532	1.34579	1.34619	1.3452899999999999	1669621500
1.34579	1.34537	1.34599	1.34532	1669622400
1.3453300000000001	1.34506	1.34551	1.34488	1669623300
1.34505	1.3440400000000001	1.3451	1.3440400000000001	1669624200
1.34405	1.3441100000000001	1.34418	1.34358	1669625100
1.3441	1.34433	1.3449200000000001	1.34399	1669626000
1.34433	1.34414	1.34458	1.3434	1669626900
1.34414	1.3443	1.34443	1.34396	1669627800
1.3443	1.34489	1.3449900000000001	1.34397	1669628700
1.34489	1.34385	1.34558	1.34378	1669629600
1.34385	1.34307	1.34414	1.3427799999999999	1669630500
1.34307	1.34335	1.34366	1.34271	1669631400
1.34336	1.34363	1.34425	1.34317	1669632300
1.34363	1.34511	1.34549	1.34325	1669633200
1.34512	1.34457	1.34532	1.34433	1669634100
1.34456	1.3434300000000001	1.34476	1.3432	1669635000
1.3434300000000001	1.34443	1.34487	1.34331	1669635900
1.34442	1.34352	1.3449	1.34313	1669636800
1.34352	1.34317	1.34396	1.34276	1669637700
1.34314	1.3428499999999999	1.3431899999999999	1.34246	1669638600
1.34284	1.34363	1.34371	1.3427	1669639500
