0.63853	0.64035	0.64044	0.63853	1670202000
0.64035	0.64054	0.64091	0.63987	1670205600
0.64055	0.64294	0.643	0.64053	1670209200
0.64293	0.64276	0.64303	0.64233	1670212800
0.64278	0.64375	0.64398	0.64249	1670216400
0.64375	0.6431	0.64427	0.64295	1670220000
0.64309	0.64304	0.64389	0.64278	1670223600
0.64304	0.64269	0.64311	0.6426	1670227200
0.64269	0.64104	0.6428	0.64058	1670230800
0.64102	0.6405	0.64157	0.63983	1670234400
0.6405	0.64059	0.64096	0.63938	1670238000
0.64056	0.63966	0.64103	0.6391	1670241600
0.63968	0.64089	0.64124	0.63933	1670245200
0.64088	0.64203	0.64242	0.64043	1670248800
0.64204	0.63963	0.64221	0.63915	1670252400
0.63964	0.63678	0.6399	0.63672	1670256000
0.635	0.63332	0.6357	0.6318	1670259600
0.63333	0.63068	0.63369	0.63048	1670263200
0.63067	0.63168	0.63254	0.63025	1670266800
0.63166	0.63172	0.63232	0.6314	1670270400
0.63169	0.63134	0.63177	0.63042	1670274000
0.63136	0.63122	0.63167	0.63078	1670277600
0.63124	0.63141	0.63168	0.63122	1670281200
0.63151	0.63166	0.63198	0.63024	1670284800
0.63164	0.63225	0.63232	0.63142	1670288400
0.63226	0.63339	0.63391	0.63222	1670292000
0.63338	0.63409	0.63471	0.63279	1670295600
0.63408	0.63406	0.63475	0.63317	1670299200
0.63406	0.63303	0.63546	0.63301	1670302800
0.63302	0.63279	0.63406	0.6326	1670306400
0.63279	0.63258	0.63299	0.63206	1670310000
0.63257	0.63157	0.63258	0.63086	1670313600
0.63156	0.63154	0.63179	0.63037	1670317200
0.63153	0.63196	0.63269	0.6311	1670320800
0.63197	0.63203	0.6327	0.63091	1670324400
0.63202	0.63248	0.63293	0.63188	1670328000
0.63247	0.63401	0.63422	0.63235	1670331600
0.634	0.63471	0.63514	0.63382	1670335200
0.63472	0.63381	0.63492	0.63321	1670338800
0.63387	0.63302	0.6343	0.633	1670342400
0.63298	0.63207	0.6334	0.63077	1670346000
0.63206	0.63263	0.63456	0.63206	1670349600
0.63264	0.63198	0.63285	0.63164	1670353200
0.63182	0.63112	0.63229	0.63089	1670356800
0.63112	0.63165	0.63204	0.63108	1670360400
0.63166	0.63209	0.63222	0.63159	1670364000
0.63207	0.63194	0.6321	0.63144	1670367600
0.63131	0.63138	0.63223	0.63095	1670371200
0.63153	0.63237	0.63244	0.63114	1670374800
0.63236	0.63175	0.63241	0.63128	1670378400
0.63176	0.63262	0.6328	0.6311	1670382000
0.63261	0.63251	0.63362	0.63239	1670385600
0.63251	0.63279	0.63294	0.6318	1670389200
0.6328	0.63197	0.63288	0.63183	1670392800
0.63197	0.63251	0.63335	0.63197	1670396400
0.63253	0.63154	0.63264	0.63099	1670400000
0.63153	0.63288	0.63331	0.63153	1670403600
0.63287	0.6337	0.6342	0.63206	1670407200
0.63372	0.63216	0.63372	0.63118	1670410800
0.63215	0.63245	0.63248	0.63215	1670414400
