0.99781	0.99966	1.00181	0.99556	1663200000
0.99975	1.00129	1.00367	0.99444	1663286400
1.00043	1.0024	1.00291	0.99659	1663545600
1.00197	0.99711	1.00506	0.99549	1663632000
0.99697	0.98372	0.99753	0.98127	1663718400
0.98362	0.98395	0.99074	0.98075	1663804800
0.98283	0.9688	0.9852	0.96678	1663891200
0.96714	0.96087	0.9709	0.95524	1664150400
0.96084	0.95924	0.96711	0.95691	1664236800
0.95923	0.97347	0.97509	0.95357	1664323200
0.97315	0.98147	0.98151	0.96355	1664409600
0.98144	0.9799	0.98539	0.97348	1664496000
0.97747	0.98246	0.98447	0.97526	1664755200
0.98239	0.99842	0.99996	0.9806	1664841600
0.99835	0.98752	0.99949	0.98345	1664928000
0.98747	0.97911	0.99263	0.97881	1665014400
0.97879	0.97381	0.98168	0.97259	1665100800
0.97312	0.97029	0.97533	0.96819	1665360000
0.97005	0.97075	0.97747	0.96706	1665446400
0.9705	0.97023	0.97343	0.96678	1665532800
0.9701	0.97774	0.98061	0.96314	1665619200
0.97717	0.97234	0.98082	0.9707	1665705600
0.97184	0.98408	0.98522	0.97176	1665964800
0.98387	0.98576	0.98757	0.98127	1666051200
0.98545	0.97722	0.98724	0.97574	1666137600
0.97713	0.97862	0.98456	0.97544	1666224000
0.97843	0.98626	0.98692	0.9705	1666310400
0.98619	0.98737	0.98992	0.9807	1666569600
0.98712	0.99644	0.99769	0.98482	1666656000
0.9962	1.00826	1.00889	0.99433	1666742400
1.00746	0.99634	1.00933	0.99574	1666828800
0.99631	0.99657	0.99981	0.99265	1666915200
0.99554	0.98827	0.99659	0.98711	1667174400
0.98827	0.98748	0.9954	0.98531	1667260800
0.98741	0.98169	0.99761	0.98128	1667347200
0.98149	0.97491	0.98398	0.97302	1667433600
0.97492	0.99594	0.99667	0.97421	1667520000
0.99007	1.00217	1.00341	0.98987	1667779200
1.00169	1.00729	1.00964	0.99717	1667865600
1.00715	1.0012	1.00882	0.99927	1667952000
1.00094	1.02093	1.0222	0.99355	1668038400
1.02062	1.0352999999999999	1.03642	1.01629	1668124800
1.03393	1.0326	1.03588	1.02714	1668384000
1.03256	1.03482	1.04819	1.02801	1668470400
1.03466	1.03941	1.04387	1.03305	1668556800
1.03933	1.03636	1.04067	1.03053	1668643200
1.03583	1.032	1.0396	1.03134	1668729600
1.03195	1.02406	1.03332	1.02228	1668988800
1.02384	1.03035	1.03082	1.02375	1669075200
1.03012	1.03941	1.04052	1.02963	1669161600
1.03941	1.04114	1.04485	1.03819	1669248000
1.04067	1.03939	1.04293	1.03548	1669334400
1.03664	1.03381	1.04969	1.03302	1669593600
1.03368	1.03287	1.03941	1.03199	1669680000
1.03276	1.04055	1.04288	1.02899	1669766400
1.0408	1.05247	1.05335	1.0393	1669852800
1.05194	1.05407	1.05449	1.04281	1669939200
1.05306	1.04908	1.0594999999999999	1.04803	1670198400
1.04914	1.04642	1.05329	1.04593	1670284800
1.04641	1.04763	1.04844	1.04431	1670371200
