1.3645	1.36426	1.36459	1.36409	1670397000
1.36426	1.36394	1.36432	1.36385	1670397300
1.3639700000000001	1.36443	1.36448	1.3639700000000001	1670397600
1.36443	1.36438	1.36447	1.36399	1670397900
1.36439	1.36382	1.36444	1.36376	1670398200
1.36382	1.3643399999999999	1.36439	1.36358	1670398500
1.3643399999999999	1.36445	1.36472	1.36425	1670398800
1.36445	1.36437	1.3645399999999999	1.36422	1670399100
1.36436	1.36483	1.3648500000000001	1.36435	1670399400
1.3648500000000001	1.36496	1.36502	1.36472	1670399700
1.36493	1.36531	1.36539	1.3648	1670400000
1.3653	1.36619	1.36627	1.36524	1670400300
1.3662	1.36618	1.36631	1.36579	1670400600
1.36624	1.36591	1.36632	1.36591	1670400900
1.36589	1.36562	1.36592	1.36558	1670401200
1.36562	1.36577	1.36619	1.36557	1670401500
1.36577	1.36551	1.3660700000000001	1.36545	1670401800
1.36551	1.36566	1.36581	1.36547	1670402100
1.36566	1.36532	1.3657	1.36513	1670402400
1.36533	1.36518	1.36557	1.36506	1670402700
1.36517	1.3654600000000001	1.36566	1.36508	1670403000
1.3654600000000001	1.3655599999999999	1.36566	1.36542	1670403300
1.36557	1.3651499999999999	1.36557	1.36499	1670403600
1.3651499999999999	1.36562	1.36562	1.36503	1670403900
1.3655599999999999	1.36628	1.36639	1.36545	1670404200
1.36628	1.3658299999999999	1.3663699999999999	1.36569	1670404500
1.3658299999999999	1.36589	1.36591	1.36558	1670404800
1.36588	1.36528	1.36611	1.36501	1670405100
1.36528	1.36501	1.36544	1.36483	1670405400
1.36501	1.36537	1.36537	1.36484	1670405700
1.36539	1.36562	1.36572	1.3651	1670406000
1.3655599999999999	1.36564	1.3658000000000001	1.36545	1670406300
1.36563	1.36539	1.36569	1.36531	1670406600
1.36536	1.3657599999999999	1.36588	1.36517	1670406900
1.36578	1.36598	1.36656	1.36578	1670407200
1.36598	1.3670200000000001	1.3670200000000001	1.36562	1670407500
1.3670200000000001	1.36656	1.36741	1.36653	1670407800
1.36654	1.36669	1.3667500000000001	1.36635	1670408100
1.36672	1.36685	1.36703	1.36654	1670408400
1.36685	1.36653	1.36693	1.3661699999999999	1670408700
1.36653	1.36741	1.36741	1.36646	1670409000
1.36741	1.3673899999999999	1.36773	1.36719	1670409300
1.3673899999999999	1.3682400000000001	1.36832	1.36721	1670409600
1.3682400000000001	1.3673	1.36843	1.36713	1670409900
1.3673	1.36667	1.36731	1.36654	1670410200
1.36669	1.36685	1.36703	1.36669	1670410500
1.36687	1.36728	1.36747	1.36686	1670410800
1.36731	1.36796	1.3679700000000001	1.36718	1670411100
1.3679700000000001	1.36775	1.36803	1.36757	1670411400
1.36775	1.36786	1.3679700000000001	1.3675	1670411700
1.36786	1.36807	1.36814	1.36758	1670412000
1.36806	1.36853	1.36863	1.36782	1670412300
1.3685399999999999	1.36886	1.3691499999999999	1.36847	1670412600
1.3688500000000001	1.36962	1.36981	1.36882	1670412900
1.36964	1.36982	1.36999	1.36944	1670413200
1.36982	1.36974	1.36988	1.36943	1670413500
1.36972	1.36909	1.3697300000000001	1.36908	1670413800
1.36909	1.3689200000000001	1.36924	1.36883	1670414100
1.36891	1.36865	1.369	1.36847	1670414400
1.36867	1.36862	1.36871	1.3686099999999999	1670414700
