0.94207	0.9421	0.94212	0.94205	1670397000
0.94206	0.94186	0.94215	0.94182	1670397300
0.94186	0.94203	0.94205	0.94186	1670397600
0.94202	0.94224	0.94233	0.94176	1670397900
0.94225	0.94197	0.94226	0.94196	1670398200
0.94197	0.94227	0.94228	0.94183	1670398500
0.94227	0.94231	0.94242	0.9422	1670398800
0.9423	0.94211	0.94237	0.94211	1670399100
0.9421	0.94238	0.94241	0.9421	1670399400
0.94238	0.94232	0.94246	0.94222	1670399700
0.9423	0.94235	0.94245	0.94214	1670400000
0.94234	0.94314	0.94315	0.94232	1670400300
0.94315	0.94339	0.94357	0.94315	1670400600
0.94338	0.94324	0.94357	0.94323	1670400900
0.94325	0.94326	0.9433	0.94313	1670401200
0.94325	0.94365	0.94376	0.94321	1670401500
0.94365	0.94356	0.94378	0.94339	1670401800
0.94356	0.94306	0.94356	0.94298	1670402100
0.94307	0.94295	0.94307	0.94278	1670402400
0.94297	0.94281	0.94306	0.94281	1670402700
0.9428	0.94319	0.94337	0.9428	1670403000
0.94319	0.94303	0.94334	0.94303	1670403300
0.94304	0.94232	0.94308	0.94232	1670403600
0.94232	0.94201	0.94242	0.94194	1670403900
0.94202	0.94308	0.94322	0.9419	1670404200
0.9431	0.943	0.94343	0.94296	1670404500
0.94299	0.94268	0.94299	0.94247	1670404800
0.94268	0.94175	0.9428	0.94158	1670405100
0.94176	0.9414	0.94187	0.94131	1670405400
0.9414	0.9416	0.9416	0.94132	1670405700
0.94161	0.94156	0.9417	0.94131	1670406000
0.94153	0.94112	0.94157	0.94097	1670406300
0.94111	0.94079	0.94113	0.94064	1670406600
0.94077	0.94072	0.94086	0.94062	1670406900
0.94073	0.94172	0.94198	0.94071	1670407200
0.94172	0.94243	0.94244	0.94155	1670407500
0.94243	0.94182	0.94249	0.94177	1670407800
0.94182	0.94184	0.9419	0.94157	1670408100
0.94186	0.94216	0.94228	0.9417	1670408400
0.94214	0.9417	0.94223	0.94164	1670408700
0.9417	0.94247	0.94247	0.94134	1670409000
0.94249	0.94233	0.94249	0.94216	1670409300
0.94233	0.94313	0.94315	0.94223	1670409600
0.94313	0.94193	0.94327	0.94182	1670409900
0.94194	0.94141	0.94196	0.94127	1670410200
0.94143	0.94207	0.94209	0.94143	1670410500
0.94208	0.94236	0.9427	0.94206	1670410800
0.94238	0.94295	0.94295	0.94232	1670411100
0.94295	0.94237	0.94295	0.94232	1670411400
0.94233	0.94251	0.94259	0.94212	1670411700
0.94253	0.94269	0.94289	0.94236	1670412000
0.94266	0.94264	0.94292	0.94241	1670412300
0.94263	0.94247	0.94271	0.94226	1670412600
0.94247	0.94297	0.9432	0.94247	1670412900
0.94304	0.943	0.94314	0.94281	1670413200
0.943	0.94277	0.94305	0.94253	1670413500
0.94276	0.94184	0.94287	0.94182	1670413800
0.94184	0.94169	0.94207	0.94167	1670414100
0.94168	0.94181	0.94193	0.94144	1670414400
0.94183	0.94183	0.94191	0.94175	1670414700
