0.94245	0.94254	0.94254	0.94235	1670411160
0.94255	0.94249	0.94256	0.94243	1670411220
0.94249	0.94238	0.94264	0.94235	1670411280
0.94238	0.94295	0.94295	0.94236	1670411340
0.94295	0.94268	0.94295	0.94255	1670411400
0.94269	0.94288	0.94288	0.9426	1670411460
0.94289	0.94262	0.94295	0.94262	1670411520
0.94262	0.94249	0.94273	0.94247	1670411580
0.94248	0.94237	0.94256	0.94232	1670411640
0.94233	0.94227	0.94245	0.94225	1670411700
0.94227	0.94239	0.94259	0.94225	1670411760
0.94238	0.94237	0.94248	0.94212	1670411820
0.94236	0.94236	0.94247	0.94231	1670411880
0.94236	0.94251	0.94253	0.94235	1670411940
0.94253	0.94254	0.9426	0.94245	1670412000
0.94255	0.94254	0.9426	0.94236	1670412060
0.94254	0.94259	0.94267	0.94252	1670412120
0.94259	0.94287	0.94287	0.94259	1670412180
0.94287	0.94269	0.94289	0.94265	1670412240
0.94266	0.94246	0.94269	0.94246	1670412300
0.94245	0.94257	0.94265	0.94241	1670412360
0.94258	0.94261	0.94264	0.94244	1670412420
0.94262	0.94269	0.94279	0.94252	1670412480
0.94271	0.94264	0.94292	0.94254	1670412540
0.94263	0.94252	0.94271	0.94252	1670412600
0.9425	0.9424	0.94268	0.94239	1670412660
0.9424	0.94241	0.94244	0.94226	1670412720
0.94243	0.9423	0.94248	0.94229	1670412780
0.94234	0.94247	0.94262	0.94234	1670412840
0.94247	0.94296	0.94296	0.94247	1670412900
0.94296	0.94286	0.94297	0.94283	1670412960
0.94292	0.94312	0.94313	0.9429	1670413020
0.94308	0.94303	0.9432	0.94299	1670413080
0.94307	0.94297	0.94313	0.94294	1670413140
0.94304	0.94296	0.94308	0.94286	1670413200
0.94295	0.94294	0.94309	0.94288	1670413260
0.94294	0.94303	0.94308	0.94281	1670413320
0.94304	0.94284	0.94314	0.94281	1670413380
0.94284	0.943	0.94314	0.94284	1670413440
0.943	0.94285	0.943	0.9427	1670413500
0.94284	0.94267	0.94288	0.94267	1670413560
0.94264	0.94299	0.94299	0.94253	1670413620
0.94298	0.94275	0.94305	0.94275	1670413680
0.94275	0.94277	0.94278	0.9427	1670413740
0.94276	0.94244	0.94287	0.94242	1670413800
0.94242	0.94219	0.94253	0.94216	1670413860
0.94218	0.94232	0.94234	0.94218	1670413920
0.94231	0.94214	0.94231	0.94205	1670413980
0.94213	0.94184	0.94213	0.94182	1670414040
0.94184	0.94192	0.94207	0.94182	1670414100
0.94193	0.94188	0.94197	0.94187	1670414160
0.94189	0.94188	0.94192	0.94179	1670414220
0.94183	0.94175	0.94184	0.94174	1670414280
0.9418	0.94169	0.9418	0.94167	1670414340
0.94168	0.94156	0.94168	0.94144	1670414400
0.94155	0.94155	0.94168	0.94149	1670414460
0.94155	0.94166	0.94179	0.94151	1670414520
0.94162	0.94175	0.94175	0.94153	1670414580
0.94176	0.94181	0.94193	0.94173	1670414640
0.94183	0.94183	0.94191	0.94175	1670414700
