0.61838	0.62213	0.62361	0.61822	1669219200
0.62213	0.6244	0.62493	0.62157	1669233600
0.62402	0.62559	0.62588	0.62356	1669248000
0.62564	0.62535	0.62691	0.62509	1669262400
0.62535	0.62533	0.6264	0.62361	1669276800
0.62533	0.6271	0.62735	0.62457	1669291200
0.6271	0.62688	0.62891	0.62637	1669305600
0.62687	0.62645	0.6271	0.62633	1669320000
0.62618	0.62531	0.62646	0.62481	1669334400
0.62531	0.62565	0.62771	0.62527	1669348800
0.62566	0.62337	0.62667	0.62277	1669363200
0.62337	0.62282	0.62488	0.62238	1669377600
0.62283	0.62376	0.62462	0.62187	1669392000
0.62377	0.62503	0.62568	0.62339	1669406400
0.62119	0.61982	0.62311	0.61907	1669593600
0.61984	0.61995	0.62158	0.61945	1669608000
0.61996	0.62276	0.62369	0.61969	1669622400
0.62275	0.62175	0.62447	0.62062	1669636800
0.62176	0.6189	0.62176	0.61878	1669651200
0.6189	0.61626	0.61929	0.61558	1669665600
0.6163	0.61857	0.61864	0.61555	1669680000
0.61857	0.62126	0.62199	0.61827	1669694400
0.62126	0.62273	0.62438	0.61968	1669708800
0.62276	0.62146	0.62533	0.62113	1669723200
0.62148	0.61964	0.62278	0.61895	1669737600
0.61959	0.61966	0.62065	0.61909	1669752000
0.61951	0.62145	0.62193	0.61885	1669766400
0.62145	0.62216	0.62308	0.62058	1669780800
0.62216	0.62378	0.62482	0.62161	1669795200
0.62377	0.62199	0.62506	0.62194	1669809600
0.62197	0.62348	0.62503	0.61909	1669824000
0.62339	0.63032	0.63132	0.62223	1669838400
0.62934	0.63183	0.63258	0.62782	1669852800
0.63174	0.63349	0.63407	0.63116	1669867200
0.6335	0.63431	0.63469	0.63118	1669881600
0.63424	0.63656	0.63937	0.63397	1669896000
0.63657	0.63736	0.63999	0.63543	1669910400
0.63745	0.63659	0.63819	0.63586	1669924800
0.63682	0.63715	0.63782	0.63515	1669939200
0.63717	0.63843	0.6388	0.63641	1669953600
0.63844	0.64076	0.64123	0.63835	1669968000
0.64075	0.63548	0.64081	0.63282	1669982400
0.63547	0.63975	0.64065	0.63414	1669996800
0.63975	0.6408	0.6414	0.63941	1670011200
0.63749	0.64294	0.643	0.63744	1670198400
0.64293	0.64304	0.64427	0.64233	1670212800
0.64304	0.64059	0.64311	0.63938	1670227200
0.64056	0.63963	0.64242	0.6391	1670241600
0.63964	0.63168	0.6399	0.63025	1670256000
0.63166	0.63141	0.63232	0.63042	1670270400
0.63151	0.63409	0.63471	0.63024	1670284800
0.63408	0.63258	0.63546	0.63206	1670299200
0.63257	0.63203	0.6327	0.63037	1670313600
0.63202	0.63381	0.63514	0.63188	1670328000
0.63387	0.63198	0.63456	0.63077	1670342400
0.63182	0.63194	0.63229	0.63089	1670356800
0.63131	0.63262	0.6328	0.63095	1670371200
0.63261	0.63251	0.63362	0.6318	1670385600
0.63253	0.63216	0.6342	0.63099	1670400000
0.63215	0.63246	0.63248	0.63215	1670414400
