1.04732	1.04717	1.04742	1.04717	1670411160
1.04718	1.0473	1.04737	1.04711	1670411220
1.0473	1.04709	1.04731	1.04706	1670411280
1.04709	1.04677	1.0471	1.04671	1670411340
1.04676	1.04705	1.04706	1.04676	1670411400
1.04706	1.04716	1.04729	1.04691	1670411460
1.04716	1.04733	1.04735	1.04704	1670411520
1.04733	1.04742	1.04767	1.04732	1670411580
1.04742	1.04743	1.04743	1.04727	1670411640
1.04742	1.04762	1.04764	1.04735	1670411700
1.04762	1.04765	1.04767	1.04752	1670411760
1.04765	1.04776	1.04776	1.04758	1670411820
1.04778	1.04781	1.04782	1.04761	1670411880
1.04781	1.04771	1.04781	1.04767	1670411940
1.04771	1.04762	1.04777	1.04758	1670412000
1.04763	1.04774	1.04788	1.04757	1670412060
1.04775	1.04772	1.04779	1.04767	1670412120
1.04773	1.04756	1.04773	1.04753	1670412180
1.04756	1.04772	1.04775	1.04754	1670412240
1.04772	1.04789	1.04789	1.04767	1670412300
1.04788	1.04794	1.04799	1.04777	1670412360
1.04794	1.04797	1.04809	1.04793	1670412420
1.04796	1.04788	1.04801	1.04769	1670412480
1.04788	1.048	1.04812	1.04782	1670412540
1.04802	1.04812	1.04812	1.04777	1670412600
1.04812	1.04814	1.0482	1.04798	1670412660
1.04813	1.04804	1.04817	1.04802	1670412720
1.04803	1.04843	1.04844	1.048	1670412780
1.04831	1.04808	1.0484	1.04806	1670412840
1.04808	1.0477	1.0481	1.04763	1670412900
1.04769	1.04752	1.04769	1.04742	1670412960
1.04752	1.04729	1.04752	1.04729	1670413020
1.04727	1.04717	1.04728	1.04702	1670413080
1.04718	1.04695	1.04718	1.0469	1670413140
1.04693	1.04719	1.0473	1.04693	1670413200
1.0472	1.04705	1.0472	1.04693	1670413260
1.04705	1.04666	1.04716	1.04664	1670413320
1.04665	1.04696	1.047	1.04659	1670413380
1.04694	1.0469	1.04695	1.04674	1670413440
1.04684	1.04689	1.04713	1.04684	1670413500
1.04691	1.0471	1.04711	1.04687	1670413560
1.04712	1.04677	1.04725	1.04673	1670413620
1.04677	1.0468	1.04685	1.04661	1670413680
1.04679	1.04684	1.04694	1.04679	1670413740
1.04686	1.04702	1.04707	1.0467	1670413800
1.04704	1.0474	1.04742	1.04699	1670413860
1.04739	1.04699	1.04739	1.04698	1670413920
1.04703	1.04709	1.04718	1.04702	1670413980
1.04709	1.04735	1.04737	1.04709	1670414040
1.04734	1.04732	1.04748	1.04729	1670414100
1.04732	1.04741	1.04749	1.04729	1670414160
1.04741	1.04747	1.04754	1.04736	1670414220
1.04749	1.04755	1.04756	1.04743	1670414280
1.04752	1.04759	1.0477	1.04743	1670414340
1.0476	1.04781	1.04795	1.04757	1670414400
1.04782	1.04786	1.04795	1.04759	1670414460
1.04787	1.04771	1.04794	1.04758	1670414520
1.04771	1.0476	1.04782	1.04756	1670414580
1.0476	1.0475	1.04761	1.04727	1670414640
1.0475	1.04744	1.0475	1.04734	1670414700
