1.3372	1.33864	1.33875	1.3372	1669179600
1.33863	1.33867	1.33908	1.33843	1669183200
1.33867	1.33954	1.33956	1.33795	1669186800
1.33952	1.33867	1.33957	1.33839	1669190400
1.33867	1.33688	1.33884	1.33632	1669194000
1.33687	1.33773	1.3384	1.33657	1669197600
1.33773	1.3387	1.33911	1.3377	1669201200
1.3387	1.34148	1.3416000000000001	1.33866	1669204800
1.34148	1.34119	1.34228	1.34103	1669208400
1.3412	1.34143	1.34243	1.34117	1669212000
1.34144	1.34122	1.34402	1.34117	1669215600
1.34122	1.33863	1.3416000000000001	1.3364099999999999	1669219200
1.33865	1.33802	1.34109	1.33774	1669222800
1.338	1.3416000000000001	1.34215	1.33761	1669226400
1.34161	1.3405	1.34193	1.33984	1669230000
1.3405	1.33924	1.34081	1.33873	1669233600
1.33923	1.33594	1.33994	1.3354599999999999	1669237200
1.33593	1.33534	1.3364	1.3348499999999999	1669240800
1.33534	1.33527	1.3355299999999999	1.33444	1669244400
1.33471	1.33469	1.33558	1.33453	1669248000
1.33456	1.33396	1.33524	1.33392	1669251600
1.33396	1.33524	1.33548	1.33393	1669255200
1.33523	1.33416	1.33533	1.33373	1669258800
1.33418	1.33369	1.3345799999999999	1.33331	1669262400
1.33369	1.33316	1.33379	1.33314	1669266000
1.33316	1.33317	1.33406	1.33279	1669269600
1.33316	1.33457	1.3345799999999999	1.33308	1669273200
1.33457	1.33484	1.3351600000000001	1.3342100000000001	1669276800
1.33481	1.33541	1.33545	1.33334	1669280400
1.33541	1.33551	1.33622	1.33471	1669284000
1.33551	1.33478	1.33557	1.33403	1669287600
1.33478	1.33419	1.33517	1.33372	1669291200
1.33418	1.33405	1.3354599999999999	1.33369	1669294800
1.33405	1.3348	1.33586	1.3336299999999999	1669298400
1.33483	1.33468	1.3351199999999999	1.33408	1669302000
1.33468	1.3328	1.33514	1.33254	1669305600
1.3328	1.3329900000000001	1.33377	1.33163	1669309200
1.3329900000000001	1.33313	1.33405	1.33274	1669312800
1.33313	1.33375	1.33401	1.33283	1669316400
1.33375	1.33409	1.33412	1.33349	1669320000
1.33409	1.33378	1.33426	1.3336700000000001	1669323600
1.33378	1.3338	1.3341	1.33334	1669327200
1.3338	1.33357	1.33396	1.3333300000000001	1669330800
1.33375	1.33338	1.33375	1.3330199999999999	1669334400
1.33335	1.33375	1.33409	1.33317	1669338000
1.33375	1.33453	1.33496	1.33361	1669341600
1.33453	1.33403	1.3348	1.33366	1669345200
1.33403	1.3335	1.33411	1.3333	1669348800
1.3335	1.33276	1.33391	1.33274	1669352400
1.33276	1.33208	1.33278	1.3317	1669356000
1.33208	1.3325	1.33345	1.33189	1669359600
1.33251	1.33269	1.33372	1.33249	1669363200
1.3326799999999999	1.33486	1.3349199999999999	1.33256	1669366800
1.3348499999999999	1.3348499999999999	1.3355000000000001	1.33389	1669370400
1.3348499999999999	1.3364	1.33701	1.3347	1669374000
1.33639	1.33403	1.33705	1.33372	1669377600
1.33403	1.33557	1.33559	1.33403	1669381200
1.33557	1.33568	1.33612	1.33465	1669384800
1.33568	1.33846	1.33859	1.33563	1669388400
1.33846	1.33771	1.33984	1.33749	1669392000
