0.96147	0.96149	0.96419	0.9556	1663200000
0.96149	0.96429	0.96613	0.95908	1663286400
0.96214	0.96429	0.96955	0.96214	1663545600
0.96421	0.96407	0.96824	0.96231	1663632000
0.96367	0.96664	0.97002	0.96201	1663718400
0.96586	0.97707	0.98504	0.96219	1663804800
0.97727	0.98125	0.98398	0.97553	1663891200
0.98244	0.99304	0.99654	0.97897	1664150400
0.99399	0.99184	0.99433	0.98492	1664236800
0.99031	0.97579	0.99657	0.97458	1664323200
0.97551	0.97521	0.98562	0.97462	1664409600
0.97496	0.98716	0.98773	0.97326	1664496000
0.98414	0.9925	0.99498	0.98311	1664755200
0.99133	0.9794	0.99414	0.97852	1664841600
0.97906	0.9834	0.98888	0.97847	1664928000
0.98257	0.99048	0.99138	0.97808	1665014400
0.99032	0.99442	0.99535	0.98701	1665100800
0.99294	0.99979	1.00103	0.99294	1665360000
0.99974	0.99674	1.00212	0.99158	1665446400
0.99624	0.99755	1.00044	0.99311	1665532800
0.99777	1.001	1.00737	0.99589	1665619200
0.99881	1.00541	1.00661	0.99648	1665705600
1.00457	0.99594	1.00557	0.99434	1665964800
0.99565	0.99413	0.9979	0.99189	1666051200
0.99455	1.00424	1.00629	0.99277	1666137600
1.00315	1.0031	1.00688	0.99948	1666224000
1.00297	0.99782	1.01479	0.9962	1666310400
0.99545	1.00058	1.00316	0.99432	1666569600
1.00042	0.9944	1.00318	0.99396	1666656000
0.99546	0.98608	0.99621	0.98525	1666742400
0.98603	0.99113	0.99283	0.98414	1666828800
0.99111	0.99602	0.99801	0.98826	1666915200
0.99533	1.00144	1.00323	0.9953	1667174400
1.00132	0.99983	1.00202	0.99153	1667260800
0.99949	1.00267	1.00406	0.99105	1667347200
1.00253	1.01321	1.01476	1.00036	1667433600
1.0132	0.99429	1.01444	0.99316	1667520000
0.99821	0.98823	0.99849	0.98751	1667779200
0.9883	0.98563	0.99268	0.98367	1667865600
0.98528	0.98409	0.9874	0.98002	1667952000
0.98393	0.96333	0.98992	0.96303	1668038400
0.96359	0.94111	0.96818	0.93974	1668124800
0.9411	0.94296	0.94893	0.9405	1668384000
0.94284	0.94443	0.94756	0.93562	1668470400
0.94414	0.94455	0.94698	0.93861	1668556800
0.94399	0.95195	0.95576	0.94332	1668643200
0.95225	0.95461	0.95492	0.94983	1668729600
0.95329	0.95884	0.95986	0.95294	1668988800
0.95753	0.95179	0.95883	0.95095	1669075200
0.95139	0.9424	0.95335	0.94119	1669161600
0.94224	0.94308	0.94459	0.93873	1669248000
0.94269	0.94443	0.95002	0.94174	1669334400
0.94539	0.94905	0.9498	0.94055	1669593600
0.94873	0.95383	0.95457	0.94606	1669680000
0.95256	0.94546	0.95476	0.94316	1669766400
0.94517	0.93681	0.94605	0.93649	1669852800
0.93655	0.93672	0.94398	0.93265	1669939200
0.93785	0.94255	0.94353	0.93306	1670198400
0.94243	0.94214	0.94561	0.93808	1670284800
0.94104	0.94186	0.94378	0.94062	1670371200
