1.03109	1.03239	1.03249	1.03077	1669176000
1.03239	1.03155	1.03239	1.03117	1669179600
1.03156	1.0317	1.03171	1.03103	1669183200
1.03171	1.03274	1.0331	1.03142	1669186800
1.03272	1.03315	1.03363	1.03221	1669190400
1.03312	1.03432	1.03488	1.03278	1669194000
1.03433	1.03137	1.03433	1.03109	1669197600
1.03139	1.03251	1.03268	1.03021	1669201200
1.03251	1.03119	1.03252	1.02963	1669204800
1.03119	1.032	1.0325	1.03077	1669208400
1.032	1.03235	1.03297	1.03149	1669212000
1.03235	1.03319	1.03407	1.03174	1669215600
1.03319	1.03675	1.03754	1.03268	1669219200
1.0369	1.0376	1.0384	1.03441	1669222800
1.03763	1.03637	1.03788	1.03556	1669226400
1.03636	1.0364	1.03737	1.03568	1669230000
1.0364	1.0375	1.03796	1.03595	1669233600
1.03749	1.04009	1.04052	1.0366900000000001	1669237200
1.04011	1.04027	1.04034	1.0391	1669240800
1.04026	1.03941	1.04033	1.03933	1669244400
1.03941	1.03954	1.03994	1.03918	1669248000
1.03972	1.0417399999999999	1.04189	1.03972	1669251600
1.0417399999999999	1.04151	1.04193	1.0405	1669255200
1.04151	1.0423499999999999	1.04253	1.0411299999999999	1669258800
1.04236	1.04318	1.04355	1.04176	1669262400
1.04319	1.0446	1.0448	1.04303	1669266000
1.04459	1.04464	1.04485	1.04318	1669269600
1.04464	1.04338	1.04469	1.04334	1669273200
1.04341	1.04305	1.04388	1.04298	1669276800
1.04304	1.04163	1.04399	1.0415	1669280400
1.04161	1.04058	1.0421	1.03999	1669284000
1.04058	1.04194	1.04255	1.04058	1669287600
1.04194	1.04058	1.04293	1.03924	1669291200
1.04057	1.04048	1.04088	1.03819	1669294800
1.04048	1.04122	1.04144	1.0398	1669298400
1.0412	1.0423	1.04256	1.04078	1669302000
1.0423	1.04222	1.04277	1.04159	1669305600
1.04222	1.04096	1.04239	1.04042	1669309200
1.04097	1.0407	1.04147	1.04021	1669312800
1.0407	1.0409	1.04098	1.04017	1669316400
1.0409	1.04055	1.04101	1.04012	1669320000
1.04055	1.04136	1.04137	1.04041	1669323600
1.04137	1.04135	1.04143	1.04057	1669327200
1.04135	1.04114	1.04135	1.04081	1669330800
1.04067	1.04075	1.04099	1.04049	1669334400
1.04082	1.04076	1.04094	1.04058	1669338000
1.04076	1.04057	1.04114	1.03959	1669341600
1.04058	1.04095	1.04151	1.04034	1669345200
1.04095	1.04112	1.04157	1.0408	1669348800
1.04111	1.04162	1.04184	1.04043	1669352400
1.04162	1.04216	1.04293	1.04161	1669356000
1.04216	1.04114	1.04225	1.04074	1669359600
1.0411299999999999	1.04201	1.0423499999999999	1.04073	1669363200
1.04204	1.04093	1.04228	1.04088	1669366800
1.04094	1.04227	1.04278	1.04078	1669370400
1.04228	1.03936	1.04284	1.03822	1669374000
1.03937	1.04149	1.04217	1.03912	1669377600
1.04149	1.03901	1.04149	1.03887	1669381200
1.03901	1.03787	1.03978	1.03758	1669384800
1.03788	1.03732	1.03834	1.03613	1669388400
