0.63248	0.6328	0.63285	0.63244	1670397000
0.63279	0.63334	0.63335	0.63279	1670397300
0.63334	0.6329	0.63334	0.63285	1670397600
0.63289	0.63258	0.63323	0.63256	1670397900
0.63257	0.63294	0.633	0.63257	1670398200
0.63295	0.63271	0.63318	0.6326	1670398500
0.63269	0.63278	0.63293	0.6325	1670398800
0.63278	0.63281	0.6329	0.63269	1670399100
0.63282	0.63242	0.63282	0.63235	1670399400
0.63242	0.63251	0.63266	0.63228	1670399700
0.63253	0.63239	0.63264	0.63216	1670400000
0.6324	0.6315	0.6324	0.63149	1670400300
0.63149	0.63123	0.63151	0.63114	1670400600
0.63123	0.63145	0.63145	0.63112	1670400900
0.63144	0.63182	0.63188	0.63144	1670401200
0.63181	0.63147	0.63186	0.63131	1670401500
0.63146	0.63154	0.6317	0.63124	1670401800
0.63155	0.63145	0.63162	0.63139	1670402100
0.63145	0.63166	0.63169	0.63139	1670402400
0.63166	0.63175	0.63176	0.6315	1670402700
0.63176	0.63119	0.63178	0.63099	1670403000
0.63118	0.63154	0.63158	0.63117	1670403300
0.63153	0.63218	0.63222	0.63153	1670403600
0.63217	0.6321	0.63236	0.63202	1670403900
0.6321	0.63187	0.6326	0.63182	1670404200
0.63186	0.632	0.63209	0.63158	1670404500
0.63201	0.63213	0.63236	0.63199	1670404800
0.63212	0.63285	0.63302	0.63197	1670405100
0.63286	0.63317	0.63331	0.63275	1670405400
0.63317	0.63293	0.63328	0.63292	1670405700
0.63291	0.63295	0.63317	0.63284	1670406000
0.63294	0.63303	0.63315	0.63287	1670406300
0.63306	0.633	0.63315	0.63288	1670406600
0.63299	0.63288	0.63307	0.63269	1670406900
0.63287	0.63304	0.63314	0.63258	1670407200
0.63304	0.63234	0.63313	0.63232	1670407500
0.63232	0.6324	0.63251	0.63206	1670407800
0.6324	0.63276	0.63331	0.63238	1670408100
0.63278	0.63249	0.63291	0.63229	1670408400
0.6325	0.63294	0.63319	0.63249	1670408700
0.63294	0.63252	0.63297	0.6325	1670409000
0.63251	0.63314	0.63314	0.63247	1670409300
0.63315	0.63267	0.63325	0.63244	1670409600
0.63266	0.63334	0.63343	0.63244	1670409900
0.63333	0.63414	0.6342	0.6333	1670410200
0.63409	0.6337	0.63409	0.6337	1670410500
0.63372	0.63345	0.63372	0.63323	1670410800
0.63346	0.63304	0.63356	0.633	1670411100
0.63306	0.63326	0.63338	0.63293	1670411400
0.63326	0.63292	0.63358	0.63292	1670411700
0.63293	0.63269	0.63298	0.63262	1670412000
0.63269	0.63201	0.63289	0.63199	1670412300
0.63202	0.63164	0.6321	0.63161	1670412600
0.63163	0.63151	0.63171	0.63144	1670412900
0.6315	0.63141	0.63165	0.63118	1670413200
0.63132	0.63129	0.63165	0.63122	1670413500
0.63129	0.6317	0.63172	0.63127	1670413800
0.63169	0.63216	0.63217	0.63169	1670414100
0.63215	0.63236	0.63244	0.63215	1670414400
0.63236	0.63246	0.63248	0.63232	1670414700
