0.59953	0.59652	0.60248	0.59637	1663200000
0.59652	0.59898	0.59939	0.59402	1663286400
0.59835	0.59601	0.60017	0.59291	1663545600
0.59574	0.58917	0.59753	0.58853	1663632000
0.58902	0.58519	0.59106	0.58416	1663718400
0.58502	0.58472	0.58876	0.58039	1663804800
0.58416	0.57436	0.58561	0.57299	1663891200
0.57365	0.56341	0.57548	0.56248	1664150400
0.56328	0.56383	0.57217	0.56245	1664236800
0.56313	0.57304	0.57329	0.55645	1664323200
0.57282	0.57262	0.57331	0.5648	1664409600
0.57242	0.55939	0.57506	0.55907	1664496000
0.55955	0.57232	0.57309	0.55955	1664755200
0.57198	0.57301	0.57583	0.56802	1664841600
0.5728	0.57373	0.58053	0.56603	1664928000
0.57342	0.56553	0.58135	0.56397	1665014400
0.56662	0.56032	0.56733	0.55979	1665100800
0.5603	0.55655	0.56289	0.55443	1665360000
0.55633	0.55829	0.56568	0.55356	1665446400
0.55862	0.56086	0.56324	0.55598	1665532800
0.55953	0.56376	0.56547	0.5512	1665619200
0.56297	0.55582	0.56814	0.555	1665705600
0.55616	0.56353	0.5649	0.55509	1665964800
0.56329	0.56807	0.57193	0.56234	1666051200
0.56852	0.56688	0.57071	0.56498	1666137600
0.56696	0.56774	0.57416	0.56227	1666224000
0.56767	0.57568	0.57707	0.55994	1666310400
0.57485	0.56951	0.57922	0.56567	1666569600
0.56919	0.57519	0.57798	0.56723	1666656000
0.57472	0.58346	0.5845	0.57249	1666742400
0.58341	0.58269	0.58703	0.57881	1666828800
0.5826	0.58131	0.58732	0.57828	1666915200
0.5799	0.58098	0.58351	0.57744	1667174400
0.58078	0.5847	0.59025	0.58062	1667260800
0.58446	0.5823	0.59419	0.58125	1667347200
0.58208	0.57725	0.58383	0.57406	1667433600
0.57711	0.59292	0.59366	0.57558	1667520000
0.58638	0.59374	0.59455	0.58499	1667779200
0.59336	0.59544	0.59999	0.58989	1667865600
0.59536	0.58831	0.59688	0.5873	1667952000
0.58819	0.60237	0.60402	0.58403	1668038400
0.60207	0.61171	0.61295	0.59842	1668124800
0.609	0.60947	0.61213	0.60614	1668384000
0.60917	0.61562	0.6203	0.60849	1668470400
0.61542	0.6149	0.61937	0.61285	1668556800
0.61473	0.61297	0.61678	0.6064	1668643200
0.61241	0.61493	0.62061	0.60975	1668729600
0.61505	0.61005	0.61686	0.60873	1668988800
0.60912	0.61526	0.61628	0.60909	1669075200
0.61507	0.6244	0.62493	0.61265	1669161600
0.62402	0.62645	0.62891	0.62356	1669248000
0.62618	0.62503	0.62771	0.62187	1669334400
0.62119	0.61626	0.62447	0.61558	1669593600
0.6163	0.61966	0.62533	0.61555	1669680000
0.61951	0.63032	0.63132	0.61885	1669766400
0.62934	0.63659	0.63999	0.62782	1669852800
0.63682	0.6408	0.6414	0.63282	1669939200
0.63749	0.63141	0.64427	0.63025	1670198400
0.63151	0.63194	0.63546	0.63024	1670284800
0.63131	0.63245	0.6342	0.63095	1670371200
