1.34449	1.34443	1.34471	1.3443800000000001	1669636740
1.34442	1.34451	1.34456	1.34427	1669636800
1.34453	1.34486	1.34489	1.34451	1669636860
1.34486	1.3446	1.3449	1.34449	1669636920
1.34458	1.34459	1.34466	1.3444099999999999	1669636980
1.34459	1.34445	1.34463	1.34444	1669637040
1.34445	1.34449	1.34452	1.34435	1669637100
1.34449	1.34453	1.34454	1.34429	1669637160
1.34453	1.3443100000000001	1.34462	1.34427	1669637220
1.34432	1.34427	1.34436	1.34421	1669637280
1.34428	1.34379	1.3443399999999999	1.34379	1669637340
1.34381	1.34326	1.34381	1.34313	1669637400
1.34326	1.34345	1.3435000000000001	1.34324	1669637460
1.3434300000000001	1.34362	1.34362	1.34337	1669637520
1.34363	1.34363	1.3437700000000001	1.3436	1669637580
1.34361	1.34352	1.34367	1.34337	1669637640
1.34352	1.3435000000000001	1.3437000000000001	1.3435000000000001	1669637700
1.34351	1.3437000000000001	1.34371	1.34349	1669637760
1.34371	1.34353	1.34396	1.34352	1669637820
1.34353	1.34332	1.34358	1.34314	1669637880
1.34331	1.34334	1.34336	1.34323	1669637940
1.34335	1.34345	1.34345	1.34334	1669638000
1.34345	1.3431600000000001	1.34345	1.34311	1669638060
1.34317	1.3430900000000001	1.34325	1.34297	1669638120
1.3430900000000001	1.34313	1.3431600000000001	1.34299	1669638180
1.34313	1.34325	1.34327	1.3431	1669638240
1.34326	1.3431600000000001	1.34328	1.34313	1669638300
1.3431600000000001	1.34307	1.34325	1.34306	1669638360
1.34307	1.34287	1.34307	1.34287	1669638420
1.34287	1.34314	1.34314	1.34276	1669638480
1.34314	1.34317	1.34317	1.34291	1669638540
1.34314	1.34299	1.34314	1.34298	1669638600
1.343	1.34306	1.3431899999999999	1.343	1669638660
1.34305	1.34289	1.34306	1.3428	1669638720
1.34289	1.3428	1.34289	1.34273	1669638780
1.3428	1.34295	1.34308	1.3428	1669638840
1.34291	1.34286	1.34303	1.34281	1669638900
1.34284	1.3428	1.34287	1.34276	1669638960
1.3428	1.34284	1.34289	1.3427	1669639020
1.34283	1.3429	1.34297	1.3428	1669639080
1.3429	1.34305	1.34311	1.3429	1669639140
1.34304	1.34298	1.34308	1.34297	1669639200
1.34298	1.34277	1.34302	1.34277	1669639260
1.34277	1.34252	1.34287	1.3425	1669639320
1.34252	1.3427	1.3427	1.34246	1669639380
1.34269	1.3428499999999999	1.3428499999999999	1.34262	1669639440
1.34284	1.34306	1.34311	1.34284	1669639500
1.34304	1.34284	1.34305	1.34279	1669639560
1.3428499999999999	1.34288	1.34288	1.3427	1669639620
1.34288	1.34291	1.34291	1.34279	1669639680
1.34289	1.34328	1.34328	1.34289	1669639740
1.34328	1.34308	1.34328	1.343	1669639800
1.34306	1.34325	1.34325	1.34306	1669639860
1.34323	1.3434300000000001	1.3434599999999999	1.34321	1669639920
1.3434300000000001	1.34329	1.3434300000000001	1.34326	1669639980
1.34329	1.34336	1.34345	1.34325	1669640040
1.34335	1.34344	1.3434599999999999	1.3433	1669640100
1.34345	1.34354	1.34354	1.3433899999999999	1669640160
1.34354	1.34364	1.34365	1.34347	1669640220
1.34364	1.34366	1.34371	1.34363	1669640280
